-20901
-4796
-26353
-1052
-6111
-8613
-19886
-15015
-17039
-10776
-20914
-25653
-14880
-5279
-20680
-20062
-7086
-21983
-466
-18460
-14020
-31137
-7430
-9736
-2146
-9850
-4591
-13402
-5660
-23535
-25747
0
-4284
-3559
-28221
-8515
-12300
-26824
-8785
-10862
-22310
-17612
-6152
-29073
-7954
-24367
-1458
-23449
-10584
-14364
-217
-26853
-28004
-21544
-29265
-17600
-27365
-14766
-8339
-18776
-7958
-14086
-18563
-32301
-19685
-3338
-3354
-29315
-16990
-393
-13180
-22282
-21651
-21790
-25116
-30416
-10006
-14249
-2785
-32555
-15224
-16973
-15450
-14204
-6287
-7012
-8417
-27262
-9998
-12005
-28889
-585
-4128
-5160
-31211
-26337
-12599
-6000
-15405
-21282
-278
-9318
-20709
-4435
-10743
-10813
-8327
-27484
-13824
-9564
-19156
-253
-1970
-30162
-22360
-29327
-20103
-3293
-17444
-15876
-7925
-25010
-7999
-23437
-16744
-19009
-26669
-24662
-15048
-17432
-15863
-30605
-21155
-184
-3477
-22831
-4100
-2600
-2236
-2215
-26128
-24150
-30609
-10870
-28962
-18186
-3543
-5472
-7208
-5861
-8478
-28942
-30715
-25595
-11571
-16609
-8175
-17862
-8376
-10276
-19943
-23105
-28872
-29777
-16236
-19562
-9883
-20975
-12861
-32665
-3092
-9211
-28381
-12222
-27496
-21872
-24002
-7163
-2232
-10346
-29327
-15220
-6561
-20561
-27566
-17715
-8454
-24604
-30437
-22413
-31436
-22929
-26779
-16171
-24715
-10858
-23715
-23908
-17428
-3473
-20250
-27922
-4952
-29290
-28295
-26804
-10362
-3981
-11440
-741
-2248
-23605
-26009
-17162
-16932
-22704
-28839
-10334
-14745
-9039
-1933
-21880
-3883
-18608
-17002
-4268
-5120
-24600
-6713
-30412
-4935
-26288
-16551
-16650
-18857
-9175
-21827
-10010
-6234
-15020
-5255
-11276
-241
-3432
-19382
-3448
-19988
-31547
-5615
-27574
-32714
-18386
-14422
-27136
-31518
-24449
-19533
-11300
-29290
-23429
-20471
-19189
-26279
-20115
-16314
-13524
-31002
-966
-14209
-29868
-26570
-30277
-8699
-16445
-6115
-24698
-27525
-21258
-26820
-24576
-29458
-3821
-22876
-28610
-25104
-11444
-23334
-8404
-14004
-13004
-10412
-29659
-20652
-27504
-6074
-28459
-7913
-22073
-31289
-14901
-28446
-3317
-11804
-20557
-7217
-25260
-24383
-26423
-6389
-30961
-9588
-17334
-6479
-12566
-23994
-32133
-31436
-11788
-29769
-2568
-6840
-25214
-11358
-24485
-23412
-11116
-6234
-24018
-25784
-10436
-12259
-28893
-9318
-10358
-26705
-3936
-9306
-21393
-15261
-8351
-1110
-28135
-21139
-8908
-23273
-26619
-20774
-31203
-2002
-19914
-9601
-16330
-1826
-15101
-29921
-21409
-30666
-364
-9768
-25542
-28377
-16232
-15978
-14262
-4861
-10027
-16199
-24506
-16539
-17530
-7970
-17563
-15691
-27082
-2998
-24899
-815
-25083
-23363
-27074
-4849
-25653
-28581
-9859
-30609
-29024
-18014
-7888
-30212
-6115
-14282
-30699
-19210
-16048
-22216
-3989
-18554
-20996
-19283
-4038
-9347
-27934
-24363
-1945
-23580
-6254
-26918
-901
-16035
-28631
-7983
-16625
-10907
-28614
-11411
-6545
-31576
-3395
-1933
-438
-11304
-3895
-13377
-31752
-10502
-27885
-29573
-9347
-30367
-1499
-3424
-17944
-15450
-8773
-22659
-7630
-14307
-26484
-8810
-16343
-21106
-10727
-31920
-23887
-7122
-4739
-4218
-8699
-24084
-12324
-29310
-17879
-8028
-27009
-18628
-32157
-3981
-26615
-15224
-27467
-6389
-13811
-17317
-20619
-8982
-27803
-5050
-20684
-18268
-32071
-9338
-32124
-13709
-15085
-4427
-23289
-1167
-18833
-8507
-29884
-1294
-18698
-11333
-4513
-29233
-19808
-15982
-31768
-20185
-4984
-6144
-18870
-1970
-23097
-13340
-581
-8749
-22761
-8884
-5648
-29782
-10743
-22491
-20856
-28078
-26710
-4874
-32169
-13840
-15970
-2060
-17276
-30953
-30007
-29798
-28274
-26288
-16760
-8458
-6463
-11399
-6549
-4988
-26107
-7897
-7307
-7213
-20201
-22315
-16691
-27553
-1470
-27947
-30392
-15081
-28123
-19640
-2301
-6991
-2293
-32145
-4259
-9605
-4759
-30289
-5529
-24821
-11210
-20066
-9351
-19365
-2162
-32714
-22224
-20922
-23646
-26976
-9207
-22122
-22806
-27676
-12009
-13746
-32518
-28721
-25096
-17440
-29159
-4308
-21078
-6717
-27234
-15626
-25993
-9031
-32722
-19013
-31195
-29085
-27062
-32649
-7999
-14245
-30670
-1433
-12922
-16871
-159
-20062
-151
-9568
-19070
-19701
-20045
-13623
-21340
-22339
-2674
-18550
-5922
-1835
-28123
-6279
-5365
-4120
-10194
-31129
-27979
-9035
-14827
-8634
-31137
-22732
-864
-9904
-10285
-10391
-11497
-212
-24260
-26845
-9150
-20156
-5099
-29458
-6524
-3108
-7954
-15093
-29003
-27136
-29007
-21467
-27746
-29417
-29241
-12140
-20152
-19460
-13385
-1011
-6533
-6012
-25681
-20840
-31383
-2732
-31756
-7999
-24481
-5615
-14422
-18604
-18132
-22564
-4141
-30740
-6082
-28504
-25047
-22495
-29388
-31887
-8343
-7249
-6361
-28422
-5709
-27803
-7585
-135
-23404
-1830
-22523
-17571
-26284
-23891
-24748
-6144
-17805
-28651
-23265
-7184
-4497
-20156
-9134
-1015
-4550
-8556
-7872
-9056
-29048
-25575
-13549
-18153
-16572
-18939
-30035
-11186
-6164
-5611
-28880
-32
-5320
-5337
-7585
-212
-26279
-20361
-6397
-27557
-4661
-25055
-24489
-847
-11427
-5201
-16904
-30187
-21291
-32514
-18472
-19222
-30453
-30539
-10981
-1761
-22913
-18804
-22609
-17977
-30855
-32006
-17956
-19578
-1826
-10051
-4431
-2678
-21987
-3567
-23171
-7335
-7065
-17854
-15183
-27361
-12427
-21188
-29306
-19693
-13258
-25739
-24002
-20688
-23490
-3457
-15085
-14528
-16715
-19771
-2838
-9363
-6029
-25157
-7184
-5476
-25272
-16670
-24117
-27508
-12169
-2228
-20180
-5124
-10473
-23101
-15888
-18874
-27586
-6963
-6078
-16523
-24969
-6172
-5337
-15015
-6258
-17121
-5267
-28553
-14630
-29147
-5447
-20279
-19873
-8683
-17633
-10100
-19980
-5910
-7426
-32497
-12726
-1683
-16728
-5124
-20848
-24977
-31903
-20045
-16891
-22376
-5976
-23691
-30908
-30035
-17326
-20602
-19337
-32448
-4886
-3706
-26705
-23556
-20168
-24899
-5476
-11882
-29335
-27783
-18874
-1445
-20500
-16285
-6561
-32329
-31580
-25497
-10702
-25440
-23162
-9891
-20914
-12926
-12247
-7036
-19505
-966
-25849
-13205
-28475
-19505
-10436
-31473
-16785
-20819
-22261
-8568
-2654
-15388
-9801
-16617
-18247
-18460
-32329
-6688
-15388
-26992
-31780
-6733
-23879
-6672
-10973
-1171
-13946
-26869
-29241
-31174
-27688
-21233
-19517
-1060
-17690
-27176
-26910
-16879
-8892
-27521
-28307
-28950
-7794
-27406
-17293
-12091
-16076
-32067
-20488
-18530
-17391
-21704
-16109
-1970
-12976
-2080
-14004
-32522
-9224
-10862
-28725
-2072
-3477
-2834
-4321
-25772
-19648
-17580
-18321
-10199
-6668
-9809
-15876
-9424
-21000
-18313
-29429
-18280
-20996
-32198
-20180
-10973
-27328
-28475
-15343
-11829
-6135
-15200
-6836
-19279
-10153
-6041
-17125
-2437
-1187
-20312
-7413
-18391
-12656
-16515
-13139
-21467
-12255
-28995
-6045
-7933
-26120
-9056
-13262
-15527
-77
-3862
-7122
-9535
-26697
-27906
-22290
-8421
-20844
-32399
-14336
-13950
-23699
-31932
-12926
-24838
-17727
-4304
-11096
-31653
-25468
-8224
-3559
-13893
-8159
-18825
-30326
-10129
-16474
-9756
-31748
-30175
-5361
-17350
-29601
-2355
-6529
-17625
-13475
-10465
-13352
-28385
-27041
-21512
-10932
-31641
-9461
-13885
-9052
-9629
-13504
-14548
-26099
-21438
-22556
-21409
-31252
-13615
-9289
-10272
-28647
-26341
-4472
-6729
-12144
-30343
-17674
-13045
-19320
-4370
-8859
-6479
-25350
-31322
-15200
-22085
-27492
-29982
-15212
-3358
-22761
-15462
-2936
-26787
-24657
-26132
-13897
-17629
-1318
-28422
-5689
-12746
-26914
-10412
-32030
-23969
-17756
-28647
-20557
-1196
-1359
-30035
-5459
-19886
-16875
-17559
-24285
-6541
-2662
-22622
-5013
-12406
-4091
-643
-659
-20029
-15511
-17420
-2445
-28811
-23650
-1589
-23920
-26619
-1552
-18132
-13799
-31375
-9584
-9895
-22298
-14622
-22945
-20938
-15855
-10432
-10403
-32460
-21282
-21405
-6742
-30035
-22073
-4218
-29364
-31346
-22970
-21233
-5668
-11210
-21962
-30183
-21536
-9203
-7385
-7520
-7929
-28090
-7225
-29827
-14233
-21430
-29016
-7741
-4800
-18706
-19288
-31846
-29212
-18083
-10711
-8093
-22106
-827
-31096
-22007
-7168
-29093
-5259
-5087
-28495
-2883
-29048
-18198
-22704
-4726
-28307
-12390
-22151
-18305
-21389
-20111
-10620
-3518
-3911
-10821
-21491
-16179
-18194
-14372
-9785
-13357
-32550
-29384
-25608
-20303
-540
-24879
-8556
-7323
-30679
-7073
-10350
-2641
-548
-13537
-32743
-23019
-14295
-30371
-4743
-7667
-20004
-25223
-7024
-315
-4841
-14700
-20758
-27021
-23011
-1986
-17170
-20672
-2830
-10350
-14860
-17162
-6074
-20774
-2129
-57
-18272
-30195
-9601
-31502
-6279
-29446
-7639
-13860
-495
-13668
-24776
-974
-11513
-20488
-10678
-14123
-27168
-15613
-28954
-6909
-17047
-19582
-3862
-30461
-8146
-16814
-3592
-25108
-21934
-2887
-21753
-17518
-24281
-1613
-17866
-19185
-23126
-6090
-12197
-1523
-15249
-17481
-27619
-28413
-8986
-851
-31944
-20738
-31510
-356
-5562
-23744
-15159
-18894
-9158
-29003
-3964
-31145
-8110
-9830
-30273
-22667
-31719
-11231
-20180
-31199
-18628
-18747
-4202
-13160
-5984
-8384
-32366
-4780
-1892
-10563
-19853
-159
-5840
-19443
-9523
-10174
-8749
-28590
-11669
-19353
-12849
-4751
-16162
-2510
-23257
-21659
-27164
-11739
-1351
-17121
-32612
-14999
-14315
-25231
-30986
-4677
-21102
-23117
-27353
-143
-31453
-15732
-5050
-26312
-12500
-16568
-151
-30838
-24203
-7827
-5804
-28766
-16932
-9822
-13045
-19464
-19566
-26845
-19705
-20946
-21770
-20512
-4059
-24514
-21454
-24104
-13119
-31150
-12550
-22421
-18366
-22032
-21557
-31588
-1331
-31649
-3035
-22667
-10305
-249
-17788
-11546
-4816
-2293
-3162
-22376
-7589
-31186
-8785
-5246
-7864
-30539
-7217
-21581
-18710
-8355
-30347
-7565
-16625
-741
-28823
-9011
-7741
-12574
-25546
-24993
-18956
-25243
-11042
-25055
-25563
-14385
-1687
-24064
-18694
-13955
-28192
-17321
-28475
-25989
-29458
-28860
-15335
-11833
-29798
-27070
-29368
-856
-15241
-8220
-32641
-6901
-17842
-27865
-30789
-73
-14049
-30887
-10223
-6230
-22048
-3010
-29687
-4726
-27299
-9994
-32673
-14839
-30732
-29347
-5906
-5124
-16936
-4272
-6561
-2052
-13668
-5378
-9474
-8810
-26435
-13897
-2498
-15585
-18804
-20996
-10366
-15986
-24276
-6942
-31801
-32559
-30949
-27033
-1253
-27123
-23130
-26071
-3739
-29798
-11522
-20848
-2772
-15183
-11505
-31174
-27529
-7806
-27680
-13262
-13922
-8241
-7270
-30560
-14581
-12795
-2883
-8843
-28819
-11923
-15695
-7172
-15679
-23453
-25108
-24739
-31895
-13897
-24551
-5230
-16470
-25985
-602
-16449
-16084
-28180
-17428
-23744
-32681
-18726
-30363
-22691
-9154
-32059
-16785
-12398
-937
-8990
-21094
-17465
-20561
-5337
-11534
-26992
-12681
-13197
-24494
-16420
-25657
-16744
-30236
-32202
-12771
-5042
-16732
-29270
-30527
-26750
-26533
-8630
-3280
-4157
-26865
-29614
-13279
-2289
-19857
-26251
-29118
-13520
-11214
-17248
-30310
-24702
-3960
-31387
-28393
-8511
-9019
-26750
-14114
-22192
-253
-2797
-15183
-2158
-20860
-2113
-29306
-26898
-12341
-10526
-31297
-6094
-30715
-29351
-19763
-30826
-10858
-28741
-9871
-29159
-8716
-13950
-24731
-25677
-360
-13873
-24432
-18415
-15196
-32645
-31154
-24166
-31113
-3756
-25264
-26243
-6709
-30982
-23064
-2641
-21475
-10780
-8146
-24936
-31109
-9969
-15503
-22220
-15081
-17698
-9785
-18214
-24023
-31039
-11833
-3756
-22908
-28520
-31215
-27967
-20484
-7888
-29949
-31862
-6455
-19378
-32288
-27574
-7286
-18423
-23572
-15147
-16547
-25792
-15761
-7335
-26812
-17326
-23777
-26726
-9428
-7512
-27619
-11288
-14712
-29405
-10080
-7962
-13967
-7356
-21708
-15228
-31911
-6844
-8773
-16011
-29536
-8036
-14262
-13443
-26595
-29429
-3588
-23834
-3338
-29265
-5259
-11448
-892
-8294
-26771
-512
-17125
-18251
-20807
-25194
-5120
-12816
-24539
-26476
-20226
-1785
-15298
-1003
-14249
-24236
-13156
-3960
-24039
-17887
-884
-18501
-7593
-8364
-14696
-20328
-11247
-1572
-794
-13447
-30367
-16736
-24621
-7143
-20578
-1564
-3125
-3047
-5468
-12812
-4870
-10534
-31932
-29540
-3375
-31469
-23117
-11415
-14086
-27836
-18792
-6950
-9297
-5312
-13058
-26411
-16191
-28819
-30822
-19083
-23076
-5402
-3293
-17305
-2236
-17080
-12849
-31297
-30920
-4993
-15843
-27283
-2928
-11063
-9478
-21188
-19046
-6070
-23928
-26492
-9650
-16515
-10989
-21536
-26419
-20484
-1073
-25882
-29220
-8368
-1429
-22118
-1540
-389
-11632
-29298
-26505
-19570
-21893
-778
-868
-27897
-27762
-32665
-16699
-10506
-1953
-8318
-15998
-26816
-25989
-22233
-9924
-11268
-7061
-15007
-30736
-12857
-22937
-21778
-18030
-12165
-11591
-17711
-23838
-29945
-12705
-13754
-7491
-21274
-983
-24854
-22781
-13078
-17215
-421
-6197
-28082
-23478
-23314
-29605
-6557
-5677
-3952
-20082
-13697
-4784
-1634
-6725
-13889
-32411
-27742
-22634
-18317
-30035
-21385
-22994
-11550
-10919
-26824
-13574
-22364
-12283
-16150
-12075
-3936
-1892
-29822
-4853
-8482
-23568
-11575
-9097
-11689
-24584
-3686
-13410
-10633
-6504
-9854
-569
-16896
-6512
-5685
-26279
-6000
-21499
-8040
-27811
-32702
-29913
-14159
-1765
-23130
-12898
-8847
-23805
-688
-5390
-7225
-5169
-2232
-16769
-18157
-24055
-31793
-24616
-26451
-13488
-8536
-20889
-14430
-9322
-3710
-25325
-7000
-9596
-25710
-2871
-17137
-17682
-30797
-27160
-3989
-25124
-27918
-31387
-20320
-12828
-5992
-18370
-18493
-7499
-16162
-20811
-13291
-30502
-11616
-27914
-30543
-700
-20717
-770
-7364
-4816
-31358
-23601
-3203
-16715
-21442
-13459
-19013
-2981
-6049
-21020
-21766
-5595
-20553
-21958
-29003
-31449
-28581
-16637
-20987
-868
-18014
-8388
-26808
-5730
-19681
-3403
-25190
-21356
-2187
-23400
-24825
-12050
-2330
-10375
-933
-29552
-2686
-2871
-17444
-11522
-19349
-8835
-23683
-18972
-5263
-22974
-29511
-10665
-20033
-17395
-5898
-31490
-12234
-8437
-25538
-15261
-11386
-21110
-28975
-29798
-8470
-16601
-6287
-12042
-2445
-19230
-7585
-10108
-6205
-2007
-25354
-25964
-9428
-5185
-10637
-3805
-24498
-8241
-413
-3559
-29220
-675
-10366
-26693
-24608
-26607
-21991
-8773
-8704
-22155
-12804
-10911
-18681
-16211
-23101
-4444
-24203
-18653
-18550
-17850
-2101
-12263
-19443
-19083
-27205
-15802
-15761
-32120
-29954
-905
-13725
-23179
-29179
-14606
-30515
-17866
-24166
-21168
-32071
-29704
-8884
-167
-18120
-2310
-24641
-24100
-8765
-4526
-28901
-10235
-5619
-23449
-32669
-11059
-4513
-8986
-22343
-17481
-11530
-9043
-4288
-2322
-9457
-25702
-26591
-18620
-29618
-13836
-31289
-17661
-10457
-23470
-19316
-14209
-19243
-25305
-31264
-18649
-774
-17158
-28467
-15331
-8675
-28581
-22732
-17186
-9048
-1150
-18161
-30912
-26279
-19128
-28069
-3743
-13221
-26263
-7237
-26091
-31531
-3076
-9576
-5394
-9781
-7602
-12890
-26116
-8040
-24678
-29741
-16429
-18960
-11309
-28622
-26779
-27320
-28200
-28499
-299
-18567
-15228
-13320
-3166
-17256
-29454
-31002
-15806
-19984
-17924
-11079
-20881
-4370
-32657
-6868
-1298
-27758
-27561
-31469
-21049
-20193
-14315
-21426
-12832
-32747
-16691
-26677
-26734
-19795
-393
-8777
-3776
-10162
-27488
-29499
-2592
-2478
-16191
-18624
-26202
-23232
-25985
-4575
-18038
-29376
-21299
-12976
-10104
-24326
-3731
-10489
-4689
-4734
-6692
-8798
-4800
-20328
-29683
-9613
-18874
-25636
-29122
-23175
-11689
0
-18329
-15998
-802
-1060
-6017
-31936
-31145
-26116
-286
-29470
-4866
-16633
-31899
-458
-12255
-1527
-1335
-11943
-20750
-30232
-30564
-20459
-22122
-20688
-7217
-8781
-29880
-24408
-10481
-20926
-3133
-21475
-9031
-30498
-19066
-19591
-17252
-16134
-12480
-2772
-7995
-2711
-18386
-13529
-11853
-17825
-4685
-6254
-29614
-23830
-790
-7663
-15642
-26710
-17477
-4177
-12267
-28930
-9265
-3010
-5808
-5705
-14995
-29679
-24453
-17932
-16633
-4091
-7962
-8310
-32043
-13975
-29532
-14024
-13062
-20717
-30294
-30109
-22253
-8830
-31772
-2936
-32460
-26775
-18595
-23646
-29065
-9170
-29278
-557
-15552
-638
-28393
-3395
-14680
-23633
-28250
-4685
-5541
-4780
-19136
-1859
-16744
-15556
-4481
-23928
-27529
-17195
-16998
-17317
-10989
-499
-22454
-3997
-12288
-30109
-8527
-811
-32477
-26435
-12718
-5369
-3063
-12390
-30478
-22437
-32485
-950
-15417
-20049
-29184
-15712
-10067
-22089
-30273
-12488
-27066
-1503
-1953
-25505
-13496
-30720
-20791
-13271
-5947
-22876
-17973
-11546
-4886
-17620
-24522
-16633
-6647
-22319
-29560
-159
-28536
-20262
-18440
-8089
-897
-28430
-31514
-28483
-3325
-14323
-30015
-18448
-24166
-15937
-2506
-5967
-15867
-30011
-29794
-2797
-17457
-14630
-13414
-11341
-1953
-2318
-8953
-11923
-5492
-3153
-25612
-1744
-16715
-32194
-10735
-22183
-7004
-31604
-5005
-1253
-23175
-18149
-26546
-3444
-23343
-28192
-7925
-27422
-25882
-26943
-18710
-7581
-18550
-26759
-28389
-1261
-17944
-31526
-2772
-2506
-7757
-13062
-20824
-21241
-31059
-6307
-5189
-26513
-26591
-16936
-29892
-1290
-524
-3268
-4247
-11857
-19202
-16740
-19140
-14815
-12890
-15708
-13938
-14548
-23896
-20025
-10354
-19247
-30785
-8036
-20054
-20885
-20115
-17219
-16404
-9150
-30781
-12111
-21217
-17903
-10838
-14913
-5316
-32038
-7553
-30007
-8351
-2691
-9781
-1343
-32387
-28925
-12951
-25006
-26791
-11972
-12767
-25903
-30826
-3092
-6242
-27234
-29335
-32329
-15503
-11816
-31604
-11358
-29908
-7405
-17379
-23781
-23056
-2605
-24473
-15568
-28463
-4358
-25387
-27267
-3260
-27287
-2568
-18677
-29376
-6463
-3125
-26628
-24231
-19640
-27041
-29356
-3702
-4497
-16850
-3878
-10878
-32759
-18898
-9138
-18714
-19005
-2654
-30113
-14114
-12767
-7077
-12701
-45
-1400
-204
-20676
-17764
-13770
-27074
-11960
-262
-11812
-2670
-3543
-2183
-1351
-3182
-27271
-16257
-26062
-27791
-32567
-1404
-1228
-28008
-15966
-15273
-22982
-15855
-4866
-8228
-31158
-24330
-823
-14544
-28798
-7577
-25722
-19918
-1474
-13193
-15859
-7266
-30023
-27893
-2600
-6598
-8994
-5357
-1323
-10420
-12824
-8564
-21331
-25194
-9318
-24350
-3481
-16502
-13824
-18620
-6619
-5869
-13279
-26107
-7430
-17002
-32235
-27938
-22462
-25968
-29650
-21114
-26357
-22896
-4112
-31285
-22040
-7241
-9097
-27947
-18853
-10211
-11788
-13107
-8888
-29663
-1978
-10063
-32419
-21041
-27246
-3436
-11304
-26996
-24674
-5615
-9015
-9252
-22601
-32006
-21688
-20090
-18644
-8245
-26980
-13438
-26767
-757
-11522
-18579
-30531
-16453
-14000
-17408
-6217
-3452
-31285
-11358
-16793
-937
-20373
-9654
-8384
-5799
-606
-11235
-4378
-26742
-4218
-8605
-7598
-2375
-19144
-6909
-23584
-7225
-8237
-1310
-30306
-483
-13352
-12922
-23719
-17633
-32280
-28291
-16367
-22540
-22536
-31903
-7884
-29798
-30269
-28143
-3575
-30650
-7413
-5984
-6995
-29274
-2236
-1298
-31850
-2990
-8392
-13705
-30674
-19537
-29274
-10903
-16863
-25145
-20811
-30760
-2932
-14561
-3563
-18145
-10276
-23343
-22736
-8187
-30056
-28401
-16240
-22151
-23785
-12693
-14286
-8658
-12578
-14602
-475
-16027
-7790
-2895
-11272
-18964
-19816
-30285
-15073
-13656
-20340
-13312
-8220
-18501
-22081
-22806
-23707
-26562
-18350
-19582
-13107
-27500
-9658
-26013
-30720
-21708
-9302
-2506
-9359
-6463
-10584
-9019
-21692
-12963
-458
-2875
-28954
-18071
-9625
-675
-15593
-823
-9850
-32743
-23969
-31916
-29491
-2138
-29822
-28712
-6717
-30629
-22810
-22343
-22183
-20529
-4714
-27185
-3870
-29790
-23674
-22130
-26128
-3903
-22421
-20860
-29200
-4268
-19533
-3244
-26071
-30388
-26656
-1273
-20692
-1855
-22196
-32505
-3682
-20742
-25059
-28196
-28717
-18636
-19275
-28778
-17309
-21573
-27029
-13201
-10657
-15986
-27594
-14307
-23842
-29773
-32722
-15785
-15523
-10354
-24129
-1056
-20959
-23187
-29188
-10616
-7544
-23339
-27705
-20414
-19996
-8998
-21430
-14536
-10690
-11677
-25341
-32374
-11210
-22032
-7819
-196
-7479
-11112
-17838
-1134
-16048
-22786
-8663
-28901
-32251
-25890
-15126
-22130
-27787
-26435
-22568
-22876
-4956
-13676
-286
-4255
-4190
-20283
-10207
-18161
-22220
-14528
-4235
-13291
-16101
-27910
-4022
-15986
-11087
-25686
-19611
-16621
-25153
-19329
-21913
-19861
-8900
-9043
-10113
-29024
-12234
-27054
-7385
-7262
-21360
-3399
-16134
-143
-13086
-10481
-29274
-18919
-28151
-2899
-9768
-23584
-7557
-4661
-942
-5394
-4096
-8105
-2879
-22515
-18329
-23519
-9662
-9801
-15818
-5746
-1073
-9355
-18542
-9486
-16928
-3555
-8835
-29077
-1478
-1896
-10076
-27324
-25010
-4792
-24408
-17563
-8826
-25792
-8851
-25661
-6135
-21127
-30420
-24588
-9158
-10108
-7806
-20824
-9936
-30797
-618
-5066
-23748
-4395
-16719
-32583
-8478
-32174
-24047
-29413
-22552
-27381
-20807
-3104
-21262
-3461
-12460
-29270
-18821
-26046
-16138
-31186
-21458
-1556
-3633
-23265
-18980
-26816
-23728
-1572
-21139
-26509
-1892
-18731
-8671
-10092
-2605
-12595
-30846
-3452
-32186
-31010
-6266
-30736
-10158
-24354
-28016
-29609
-19116
-11395
-1945
-16363
-30941
-13897
-31027
-27959
-3842
-18395
-18046
-27758
-20639
-22888
-3047
-29622
-20598
-24215
-6098
-15007
-21303
-13410
-131
-6447
-29806
-28303
-20791
-3006
-31817
-11960
-29286
-12242
-30158
-28233
-9265
-23171
-20549
-22675
-23150
-9617
-26386
-10141
-24952
-12173
-7380
-8134
-5844
-29396
-7127
-24641
-7282
-17457
-22474
-32292
-26460
-925
-3469
-7602
-17350
-11452
-9396
-13602
-9572
-15667
-11866
-1863
-8589
-25890
-25268
-12656
-31170
-24653
-4378
-19849
-8192
-29573
-23203
-11853
-26488
-2064
-7753
-372
-7208
-26423
-19230
-29741
-18124
-27930
-10027
-9052
-25300
-12984
-22159
-31408
-12726
-30306
-18886
-5705
-7524
-10223
-21417
-28229
-31969
-13844
-2428
-24895
-16785
-23023
-7069
-4538
-16941
-8941
-1228
-7225
-24141
-18391
-23728
-23183
-29421
-10043
-29032
-11771
-2297
-26898
-753
-27951
-8159
-17338
-10850
-13111
-17203
-18755
-14020
-19468
-26660
-8015
-7761
-12783
-19267
-29102
-32014
-25640
-5013
-29151
-21241
-28643
-11677
-18374
-20062
-5480
-12398
-32632
-24236
-22802
-27590
-22339
-13234
-5681
-27516
-18153
-11649
-18145
-14950
-6377
-25341
-339
-18186
-21442
-12541
-18026
-14016
-13836
-29630
-23289
-24260
-26222
-14675
-16752
-28434
-2052
-28692
-6950
-25804
-520
-25747
-8773
-14581
-3948
-1122
-15749
-7720
-15339
-2736
-31420
-22933
-17715
-671
-26980
-6172
-5545
-31502
-26189
-6823
-10506
-15073
-7196
-21385
-6287
-25792
-28639
-25235
-5275
-31911
-20668
-3874
-14237
-9371
-26808
-27947
-23621
-15794
-6811
-21360
-30330
-17850
-4698
-19394
-12419
-6926
-4231
-28696
-9240
-5812
-10084
-25317
-12705
-13119
-19058
-8957
-7892
-19853
-6955
-31330
-19365
-20901
-13148
-5263
-40
-6184
-16814
-10203
-2371
-8425
-26808
-16277
-7671
-5263
-23085
-2203
-3547
-27537
-28762
-29024
-4812
-21741
-23076
-9035
-11677
-10715
-26300
-18382
-13074
-18227
-25006
-25047
-5144
-7147
-31293
-2871
-31604
-6041
-20008
-8634
-13197
-1093
-25583
-10043
-22544
-10121
-26660
-12738
-11681
-8212
-1765
-19480
-6758
-30240
-4767
-12226
-1626
-19144
-6778
-23027
-24
-23478
-10477
-28438
-16715
-25415
-11907
-27086
-876
-16039
-25899
-15986
-30662
-5812
-24776
-17043
-9330
-8716
-2134
-7704
-5881
-11710
-10498
-23965
-3633
-24363
-31002
-8790
-15056
-27037
-8949
-13422
-11943
-28823
-3952
-22896
-28639
-24424
-17117
-7385
-23076
-11362
-6684
-24436
-1998
-5959
-19750
-9416
-22011
-22257
-17702
-19324
-4263
-11952
-24752
-29212
-20402
-17473
-10559
-5005
-24367
-32698
-28864
-26910
-28954
-20373
-21737
-18481
-11935
-21057
-28557
-17768
-10002
-16916
-10457
-3145
-11653
-17371
-20209
-26218
-31895
-10944
-8245
-16363
-7630
-25915
-29937
-18149
-19369
-31813
-17895
-360
-19984
-19296
-31346
-13262
-23011
-11726
-7360
-13512
-13950
-1953
-3579
-31633
-3538
-3485
-29491
-16244
-9760
-5517
-32296
-32481
-24506
-15138
-11571
-27099
-18145
-31440
-13840
-14249
-29712
-684
-29765
-3301
-14688
-8347
-16891
-4911
-7417
-27054
-31502
-13684
-32391
-29954
-8904
-12251
-31846
-24780
-10305
-16891
-2260
-1703
-8785
-25968
-24739
-20279
-17014
-31469
-28516
-21585
-28479
-9654
-5033
-14483
-6807
-4481
-5177
-1064
-2375
-3317
-24547
-26644
-5591
-6905
-21598
-9789
-2252
-49
-24743
-31477
-15228
-31002
-9768
-5906
-25722
-25178
-9695
-5406
-26689
-17178
-27148
-2703
-20992
-3002
-15204
-4673
-3817
-21966
-32165
-16392
-18993
-20799
-17731
-30556
-6860
-30253
-1994
-2912
-32403
-28495
-27127
-11788
-22380
-18436
-14192
-30351
-30171
-32473
-32264
-577
-18722
-27303
-17973
-22437
-21262
-12980
-6045
-27627
-8769
-27348
-8196
-8658
-21401
-16814
-19357
-21291
-16625
-23318
-790
-6574
-18583
-14770
-16195
-3768
-5910
-28094
-27041
-30248
-12570
-6397
-24035
-12201
-17588
-25260
-13332
-2351
-11431
-31629
-31055
-8187
-8667
-581
-19824
-23613
-8568
-23724
-6782
-3756
-29687
-999
-17027
-18972
-8388
-31641
-31358
-21663
-11485
-7507
-6348
-5525
-16908
-20750
-32051
-30486
-29761
-30646
-13193
-12136
-15507
-4202
-26337
-26800
-20865
-21696
-31977
-13357
-4403
-2686
-6369
-31100
-7258
-17846
-4702
-5439
-29495
-13287
-4792
-13000
-9424
-16412
-11436
-16297
-823
-7892
-25575
-15347
-29790
-2662
-13967
-22769
-2076
-27250
-12488
-20422
-19845
-21098
-7421
-2830
-19320
-13787
-18018
-10670
-1470
-25325
-28524
-17690
-13012
-20709
-24731
-4833
-7553
-28790
-10100
-14049
-8241
-29097
-24829
-22102
-7561
-5890
-21766
-25026
-23990
-29700
-1568
-11087
-18636
-12165
-21377
-8167
-19611
-29556
-4841
-7577
-14495
-29224
-16699
-17797
-24813
-9908
-25739
-27734
-25559
-24576
-32522
-25341
-15618
-6561
-9515
-6758
-24719
-5791
-10096
-24793
-12898
-18309
-32763
-278
-11341
-32534
-23707
-31965
-15826
-397
-15413
-24760
-1921
-15552
-4960
-2027
-18788
-17797
-27770
-21286
-13340
-30896
-19873
-20180
-31739
-20697
-3530
-21168
-19181
-335
-27848
-6250
-4890
-4845
-7970
-20029
-19271
-30871
-28200
-11321
-12341
-10625
-29716
-24444
-26587
-28397
-30752
-15101
-11894
-15372
-692
-28532
-3477
-11763
-7774
-24141
-15921
-25202
-7892
-26836
-18235
-7589
-15396
-6524
-8794
-15896
-5767
-7917
-20799
-1867
-7741
-21479
-18878
-16465
-25575
-32436
-23560
-1118
-21864
-2560
-19513
-13922
-14262
-12869
-22646
-9904
-16777
-30969
-4497
-28508
-25165
-24911
-11132
-5906
-32305
-21270
-3776
-3727
-11997
-7540
-9449
-19582
-13971
-20627
-19652
-5480
-31264
-8777
-24735
-16347
-16707
-29581
-18313
-32448
-5304
-28860
-28221
-9334
-8773
-28692
-22712
-19574
-21368
-5005
-8032
-9715
-10362
-9826
-3670
-29872
-30244
-19755
-1687
-6590
-15949
-31666
-31436
-11100
-24981
-16957
-1327
-25464
-20946
-11960
-4788
-3330
-5689
-13963
-7147
-31563
-14667
-606
-6819
-4820
-1060
-8007
-30015
-23384
-4587
-14426
-3358
-23658
-8884
-3014
-544
-27291
-5599
-1347
-26345
-1474
-20811
-4747
-17342
-2818
-29569
-7041
-9662
-26161
-18882
-28250
-13111
-16932
-21954
-4202
-16781
-3485
-21782
-12214
-25821
-1261
-24076
-26464
-27013
-29261
-5042
-19152
-7655
-19103
-10473
-17428
-6766
-13574
-13709
-1253
-31596
-21311
-15769
-8826
-27365
-1159
-3006
-31928
-14159
-376
-25911
-27844
-20107
-7569
-4993
-24039
-29450
-15355
-17608
-20529
-4046
-31666
-17682
-20877
-1249
-27992
-18132
-15200
-23543
-23490
-688
-24481
-634
-12423
-15343
-11264
-22147
-14385
-25772
-29257
-32595
-32321
-8364
-30625
-90
-9166
-1675
-26841
-26345
-16994
-6631
-4259
-27557
-15060
-6742
-21106
-22204
-23429
-26980
-3551
-27475
-1486
-30203
-20967
-26918
-17346
-22294
-4165
-647
-22990
-10305
-20549
-20594
-24072
-1822
-1032
-9367
-23089
-14233
-20918
-4460
-15040
-8626
-30744
-1323
-17149
-12529
-25423
-4677
-23425
-22802
-20316
-28569
-10588
-22192
-7983
-15310
-18829
-30642
-19021
-29106
-11837
-27004
-30318
-19636
-7319
-7901
-8798
-21983
-32243
-22593
-14401
-3956
-15872
-6897
-25477
-29794
-24629
-13987
-19922
-5869
-7897
-26951
-17051
-7204
-31784
-17133
-17969
-3690
-6393
-9158
-18915
-10350
-2215
-18153
-16224
-20242
-8564
-9367
-10039
-18489
-14249
-6701
-30699
-12242
-12910
-25739
-610
-17440
-10297
-22818
-12214
-18595
-19361
-4128
-6283
-30126
-28
-14479
-1351
-9699
-27582
-25939
-26677
-577
-13651
-15314
-12218
-5107
-700
-23764
-8884
-30646
-14888
-1716
-31629
-29622
-5529
-8073
-22061
-5410
-17584
-27222
-9912
-17956
-13856
-27074
-19963
-15134
-31551
-16801
-9900
-20832
-23126
-8847
-8294
-4210
-11419
-32051
-4026
-11153
-19222
-21983
-2043
-28000
-29208
-15396
-6791
-26128
-25374
-22409
-12693
-10698
-25264
-16461
-17068
-1413
-2011
-1097
-6266
-12431
-7761
-20492
-11350
-23658
-31518
-20189
-26202
-18944
-589
-4091
-7733
-9609
-31145
-9609
-3129
-2904
-32522
-24313
-25432
-17776
-12713
-7147
-29712
-6385
-31367
-27041
-6955
-5713
-4624
-331
-32763
-20783
-7364
-20140
-31305
-18935
-3674
-8515
-24281
-1744
-21741
-27500
-18567
-23089
-13492
-24395
-22941
-13770
-27308
-6549
-22040
-22106
-12611
-18186
-21020
-10825
-2781
-32268
-24576
-31195
-2166
-10047
-10272
-22958
-10280
-28782
-5566
-13541
-10526
-29954
-25108
-25284
-19087
-188
-7380
-11112
-25341
-9560
-5021
-23355
-14331
-2183
-23085
-30093
-4493
-12820
-27176
-10063
-16519
-12226
-3710
-73
-28708
-25038
-28803
-3964
-3141
-5992
-11767
-1552
-3338
-4714
-29196
-266
-13594
-13578
-16719
-28721
-2297
-25554
-20393
-2514
-20480
-30040
-24305
-7577
-13099
-16363
-8695
-3661
-4775
-5132
-27881
-21987
-23142
-26746
-5603
-8994
-22134
-20160
-1884
-6049
-25735
-25079
-8294
-14565
-8761
-5509
-20328
-23433
-9891
-23265
-31936
-11948
-22765
-16887
-13262
-11206
-23547
-14684
-20119
-20443
-29515
-24031
-28909
-15994
-1654
-3031
-27934
-27078
-14462
-28266
-12427
-30531
-1953
-22802
-8675
-27299
-4313
-27025
-8736
-2727
-22540
-17571
-13291
-2830
-10129
-8192
-27369
-3067
-10559
-18550
-1142
-4608
-24817
-6119
-4407
-1376
-11976
-28102
-31014
-692
-1744
-23257
-26591
-29708
-31363
-31985
-30744
-2428
-22847
-6819
-2572
-12791
-16883
-11436
-31719
-21835
-20316
-28020
-26836
-19894
-7278
-29478
-19365
-31944
-20365
-8761
-3031
-20881
-6717
-18997
-22347
-20520
-30494
-20185
-4276
-15003
-27103
-25243
-7086
-26505
-31887
-1888
-9318
-11485
-12042
-22544
-5271
-7274
-5468
-27627
-21774
-22228
-7094
-2269
-11886
-3805
-7839
-2125
-25276
-32350
-24227
-28413
-13975
-19734
-13664
-4005
-29655
-12333
-11341
-7610
-25583
-14557
-6483
-8495
-4038
-1998
-17670
-19021
-16670
-10743
-31113
-29286
-10760
-3010
-1089
-29470
-31637
-13172
-13983
-11591
-24903
-23646
-20234
-1536
-25894
-11603
-31932
-356
-14098
-368
-27951
-14327
-27156
-630
-15659
-24940
-27312
-15609
-22503
-14487
-9703
-1462
-22872
-6021
-19021
-25284
-8945
-778
-19369
-27164
-15126
-21467
-9076
-4120
-26697
-13250
-24547
-19460
-2220
-5730
-31023
-32350
-25337
-26513
-6045
-9494
-13484
-5361
-23937
-12308
-7544
-29241
-32014
-237
-19361
-14209
-12316
-1798
-5668
-6053
-90
-15720
-25890
-3473
-28561
-7917
-28262
-5341
-9711
-11780
-16699
-6766
-5451
-7593
-32002
-28491
-21823
-13193
-7274
-5320
-30330
-23633
-18817
-16465
-14147
-27521
-16261
-13279
-9302
-14602
-15327
-16052
-21278
-31813
-16637
-3514
-19525
-2613
-22073
-10231
-10887
-14376
-32620
-28057
-17297
-21880
-15335
-30158
-15167
-3723
-27844
-4923
-18092
-23441
-376
-11739
-16748
-2424
-3809
-13365
-21270
-23535
-21348
-29052
-27967
-10817
-19271
-5054
-8445
-2977
-8196
-98
-26587
-28962
-12029
-5570
-3604
-18251
-14548
-31141
-31506
-18386
-20922
-5697
-29335
-31387
-9351
-16846
-18567
-9986
-6123
-13942
-26918
-29978
-8704
-364
-14802
-7864
-32727
-27127
-15282
-12865
-27721
-1966
-7974
-19697
-8
-31756
-29024
-29532
-7204
-5353
-14696
-22831
-9998
-5623
-7376
-2273
-15007
-20258
-15372
-17100
-1630
-20611
-14344
-7864
-3108
-2084
-7446
-26431
-20623
-17072
-7221
-4108
-31465
-26484
-2818
-17313
-30343
-1183
-18694
-30662
-8757
-19529
-27987
-11464
-6979
-10055
-11386
-14770
-1478
-7151
-3407
-31141
-13152
-32047
-23707
-22786
-30339
-25321
-25571
-4313
-16547
-28893
-25968
-16728
-294
-16449
-19214
-27254
-21680
-24756
-7090
-4263
-13586
-7270
-12156
-1380
-23744
-15720
-9093
-23646
-27275
-8605
-6180
-4657
-9441
-20914
-14376
-15032
-21397
-18980
-9650
-6262
-425
-10530
-31739
-3969
-4009
-9928
-16117
-13606
-28069
-3989
-12554
-8388
-17113
-27701
-27873
-18296
-19714
-20197
-24682
-8110
-29184
-3653
-27131
-28516
-303
-9936
-31956
-30142
-12922
-32493
-28160
-909
-27979
-14147
-21139
-17264
-3878
-10776
-28073
-20373
-16130
-24518
-1568
-28254
-5029
-1921
-3727
-2396
-24002
-19156
-8941
-23228
-3977
-24494
-30830
-21020
-6909
-11620
-15572
-5869
-5967
-17047
-2592
-16465
-21979
-15917
-16207
-30810
-6533
-29868
-13185
-22106
-20480
-5087
-23556
-1093
-3280
-29491
-19288
-10702
-5881
-13938
-7741
-15044
-10461
-11530
-30670
-3248
-31584
-31907
-11173
-5201
-3575
-21716
-26914
-12906
-23216
-21188
-29372
-176
-2195
-1257
-18259
-27373
-15134
-18079
-23871
-13017
-14737
-3256
-13185
-32612
-12390
-30334
-479
-11272
-23228
-30846
-8978
-31088
-30621
-32542
-7753
-18739
-29937
-26058
-23126
-19001
-6995
-30736
-28884
-25305
-30793
-12660
-28758
-27488
-20979
-5054
-21463
-26828
-4804
-18370
-10575
-2539
-21135
-19869
-16654
-16465
-3166
-10407
-5279
-32317
-10993
-3866
-9637
-28717
-31510
-14815
-27430
-11304
-17960
-17735
-29859
-1683
-27631
-16461
-15572
-20422
-2875
-11567
-17235
-4153
-708
-28176
-8544
-5476
-24444
-30515
-19300
-25579
-19677
-10625
-5074
-28819
-16936
-22708
-28729
-14163
-9695
-27512
-2277
-17829
-21450
-2363
-24707
-23527
-24121
-31485
-22663
-27578
-7495
-2473
-32165
-27283
-7168
-1499
-7413
-2924
-12918
-614
-23846
-14008
-17387
-16158
-16195
-16752
-24428
-18960
-14991
-3256
-16625
-11714
-10862
-26316
-10502
-5971
-8998
-5763
-2682
-880
-13373
-11198
-24969
-192
-430
-31068
-15454
-29777
-27693
-8577
-19152
-26595
-9154
-15142
-4878
-28991
-15486
-31199
-14733
-19312
-8564
-892
-15974
-8056
-21929
-18251
-14766
-22487
-13385
-26198
-27340
-29827
-32632
-3563
-24092
-16576
-1970
-6479
-2633
-18161
-20144
-31473
-23781
-28479
-159
-27721
-19329
-23445
-25268
-20922
-147
-520
-15958
-18812
-12296
-1130
-32595
-20484
-12992
-10334
-24428
-19959
-25812
-5611
-14221
-23076
-16412
-29511
-31854
-18653
-11694
-7946
-3235
-12742
-23433
-22999
-29839
-16211
-14041
-7786
-22474
-8445
-557
-24498
-6668
-28418
-30957
-11386
-16732
-901
-6463
-18636
-8269
-32604
-6688
-1908
-11436
-21463
-31199
-11169
-2588
-21372
-2838
-3538
-14016
-1335
-8286
-11710
-491
-24461
-5636
-6262
-22687
-18968
-18440
-3579
-16642
-27742
-26259
-1187
-28233
-11644
-16089
-5623
-2957
-11317
-20008
-23306
-13950
-483
-28401
-28184
-11112
-30208
-14364
-14950
-29200
-25583
-4476
-27770
-11276
-12873
-9007
-7696
-4493
-4788
-15130
-6172
-24793
-3694
-3387
-23044
-8097
-26259
-30351
-29679
-18075
-21061
-25120
-31555
-29413
-3497
-4186
-503
-11808
-24481
-12640
-9150
-22831
-15925
-5521
-16404
-17678
-13037
-24518
-9920
-2203
-21430
-880
-23998
-31526
-18808
-12652
-26648
-3727
-5787
-18178
-19787
-3346
-32096
-1855
-32538
-13357
-782
-6758
-4251
-21721
-6385
-3088
-19484
-29732
-30773
-5496
-28078
-6475
-11235
-23494
-25485
-18550
-9732
-9256
-13746
-30556
-10702
-4562
-7208
-14454
-712
-22872
-13664
-2392
-19705
-11812
-31879
-3694
-13733
-5636
-29663
-31375
-20824
-24059
-28278
-11644
-28094
-14528
-30720
-31674
-15634
-26951
-25493
-3194
-25202
-9547
-26947
-962
-22884
-3911
-4493
-23912
-21966
-31662
-28659
-23093
-20025
-30388
-19468
-32088
-12845
-11792
-19443
-1712
-22355
-24080
-24006
-31916
-25931
-23613
-360
-19210
-6561
-28749
-25387
-31395
-30982
-122
-3870
-29609
-23707
-24104
-10690
-25272
-3215
-4669
-29990
-21499
-18812
-31305
-5562
-7520
-5115
-8130
-13594
-24547
-1601
-5206
-10133
-27693
-6860
-10125
-4100
-26292
-1224
-24125
-2048
-20357
-29032
-25735
-13910
-8826
-1490
-18169
-20615
-6029
-13312
-22962
-28303
-14008
-24276
-3436
-5382
-29274
-29036
-6156
-5988
-3248
-11067
-9854
-19034
-8720
-3080
-32051
-9838
-30322
-30752
-28381
-1667
-9281
-14802
-11169
-28356
-24887
-9482
-20881
-2101
-3305
-15831
-18808
-31907
-20226
-4505
-28614
-12967
-1470
-18726
-19496
-19005
-19275
-21843
-13053
-5652
-3489
-31166
-31916
-6553
-18522
-28925
-16723
-6287
-23846
-5304
-897
-12840
-27783
-13008
-11210
-5804
-3141
-2985
-13840
-29872
-20402
-20733
-8351
-11939
-30056
-9801
-25862
-4382
-25038
-4071
-19648
-19623
-21553
-26312
-6348
-24088
-27537
-11567
-15814
-21983
-3321
-6717
-3338
-14192
-17752
-5533
-12783
-23384
-4726
-18259
-15781
-2875
-23277
-27074
-12734
-23011
-24047
-31559
-10952
-19607
-32366
-17727
-7843
-30863
-28307
-15933
-7913
-11890
-27156
-29601
-8966
-20234
-3203
-30617
-14635
-10829
-2465
-2560
-30060
-30408
-27238
-22904
-20873
-28631
-16097
-417
-16797
-1392
-16994
-6639
-5029
-31543
-7127
-13082
-25956
-13295
-10391
-14950
-10952
-2400
-5398
-26406
-30826
-7335
-18862
-12120
-5492
-19062
-12345
-31334
-32043
-1200
-19677
-4038
-11808
-22294
-30441
-22384
-18403
-1236
-26255
-274
-1933
-4452
-9670
-28889
-5525
-2691
-25202
-25714
-8888
-40
-19345
-25845
-6000
-2863
-1048
-9998
-22241
-27467
-3624
-32755
-26402
-25767
-31002
-131
-13807
-12492
-25366
-21999
-8273
-21458
-5169
-18518
-11300
-2736
-1945
-25399
-28778
-27742
-15413
-26169
-14135
-20529
-19021
-28717
-26349
-10121
-2494
-25849
-5033
-24506
-24559
-13627
-2625
-25227
-17620
-22839
-9277
-19841
-30855
-21139
-5742
-24748
-18911
-5050
-13996
-25362
-5500
-21422
-26218
-21004
-3411
-1445
-21123
-20000
-3772
-8814
-10739
-25710
-19066
-32681
-11841
-7970
-21983
-5926
-26165
-23859
-32391
-9764
-10199
-29970
-32198
-26152
-17530
-14344
-5976
-29413
-10104
-6184
-32321
-30187
-1019
-32112
-12120
-32022
-15089
-13176
-24633
-26083
-5271
-9338
-9465
-28872
-4423
-3436
-29126
-21356
-9535
-1400
-14483
-29728
-4304
-32133
-4288
-32030
-11427
-11624
-20389
-15437
-26779
-14913
-4866
-6393
-27852
-10256
-22073
-19353
-2572
-18690
-31776
-11620
-61
-7143
-29515
-4714
-17162
-30928
-13885
-27004
-28176
-663
-12296
-28839
-12587
-7917
-20705
-3145
-29986
-5099
-20324
-25243
-13824
-32464
-6397
-7561
-27471
-25489
-8036
-1531
-3006
-27099
-31924
-7909
-20463
-5754
-21803
-13819
-19435
-22265
-23937
-13910
-10276
-4980
-5771
-3235
-13733
-22425
-20754
-1150
-14114
-11112
-25108
-32501
-31133
-17170
-20983
-18657
-13144
-32210
-24875
-4288
-14446
-8589
-565
-2469
-5242
-20160
-4222
-23339
-4804
-15294
-13737
-25444
-1134
-16195
-24842
-8142
-28688
-26746
-27234
-9990
-2134
-30289
-16678
-24076
-24309
-7933
-15540
-23535
-10342
-16277
-1904
-2125
-17973
-9359
-4468
-22376
-2658
-30539
-15155
-2981
-27815
-13185
-15986
-13983
-28798
-11264
-29536
-23941
-20697
-32542
-7385
-1101
-21893
-110
-31215
-2510
-11317
-8966
-11976
-8810
-25985
-14786
-18305
-9322
-28954
-17747
-32604
-11939
-2617
-8626
-15470
-6492
-26726
-17051
-26378
-3153
-17567
-3878
-27811
-22470
-22913
-30236
-20045
-28262
-25456
-20254
-28098
-577
-29466
-10600
-14569
-23982
-30875
-27508
-8224
-5935
-24002
-19763
-32083
-10661
-8392
-23662
-10350
-4472
-20824
-1302
-25817
-21389
-27660
-499
-20353
-10424
-3342
-4202
-4423
-18714
-10686
-1552
-13709
-6008
-27099
-20697
-6828
-30973
-16097
-22843
-18898
-106
-27856
-26345
-13905
-29790
-5668
-2195
-1331
-765
-17186
-31883
-28864
-28815
-13090
-6524
-22122
-16470
-9383
-5144
-24825
-3796
-12898
-18857
-18685
-21417
-22441
-4730
-21458
-30969
-25600
-8310
-5595
-24096
-10723
-7180
-7143
-15847
-14524
-20406
-29999
-20803
-24428
-3530
-4136
-28348
-25231
-12660
-31805
-3432
-3600
-20451
-17145
-20824
-12963
-30261
-24317
-24719
-14667
-7671
-647
-1155
-20586
-29298
-18665
-10596
-31784
-12640
-30990
-2170
-16322
-5672
-15753
-25706
-4059
-9420
-12656
-5582
-15925
-7278
-26222
-18034
-2244
-26779
-13840
-17231
-6688
-3932
-31928
-1634
-4583
-29827
-8650
-18591
-23166
-6885
-24530
-16404
-26722
-7032
-11661
-5107
-10108
-6275
-18046
-26271
-8110
-28663
-10862
-10264
-23248
-23207
-10366
-475
-27271
-11288
-10436
-6385
-14041
-3526
-27521
-21868
-4472
-8704
-17014
-22425
-5902
-17248
-27545
-25165
-31735
-20443
-2322
-3477
-11141
-19222
-7323
-7987
-13066
-28393
-9531
-25460
-26730
-17485
-26828
-17674
-22343
-6139
-26886
-3526
-23093
-11743
-139
-17326
-2437
-7700
-18694
-24662
-15618
-8933
-14217
-2768
-13385
-26378
-2072
-14606
-5042
-6266
-18137
-23478
-4947
-22913
-32182
-5234
-7360
-12570
-32624
-8642
-12259
-13856
-2990
-2588
-14749
-23654
-6561
-17678
-9175
-17776
-3919
-14811
-8613
-5869
-30253
-19144
-21102
-9183
-15667
-7528
-2064
-569
-28639
-25554
-21307
-14278
-15499
-15908
-3985
-27553
-17993
-20213
-2347
-14630
-9392
-1998
-28880
-4976
-15663
-3907
-29917
-30355
-20434
-22003
-5824
-7708
-18386
-16556
-9420
-14028
-12353
-9515
-24539
-26607
-6582
-10461
-16162
-19578
-15568
-5603
-8900
-31436
-5570
-7172
-8675
-14884
-9662
-28356
-28930
-27017
-28729
-28864
-10399
-8720
-1937
-9547
-11956
-32235
-5541
-5840
-548
-26619
-30388
-11661
-13139
-31031
-15110
-24252
-14663
-32002
-1802
-1781
-319
-32669
-13062
-9199
-17281
-21028
-14594
-27406
-28860
-4034
-8286
-6463
-3686
-29962
-26066
-6438
-23822
-28614
-3842
-5218
-26009
-16982
-14389
-32043
-8912
-1560
-32722
-7200
-901
-5672
-2707
-20951
-29511
-6418
-6144
-22364
-1097
-27832
-7499
-17752
-14684
-7774
-10657
-22118
-28999
-18907
-417
-10334
-31793
-13185
-14995
-16179
-8269
-1863
-4050
-13107
-19312
-11304
-29147
-17223
-23277
-27021
-8994
-8200
-19767
-1372
-15069
-14262
-6299
-21037
-17760
-16310
-12148
-30208
-16826
-15138
-23519
-7041
-9449
-16396
-11091
-26185
-12550
-9175
-22228
-8364
-8163
-24502
-2707
-19832
-5693
-20090
-17211
-23408
-16314
-32727
-13836
-19542
-7143
-24412
-12963
-18432
-23920
-12304
-1609
-15814
-15003
-11714
-20811
-5914
-20156
-26636
-25694
-29442
-13676
-22802
-12935
-28340
-21803
-14422
-4100
-9551
-20963
-25288
-9244
-30236
-15626
-8654
-22601
-29892
-23093
-3252
-12603
-24211
-14544
-13414
-30171
-77
-21614
-7872
-25493
-19566
-11771
-19955
-12136
-7659
-7442
-5918
-12873
-29589
-8650
-18419
-15945
-27828
-17846
-16117
-6938
-30568
-28717
-26480
-32243
-14143
-13438
-11886
-22650
-12201
-4534
-29335
-29876
-20590
-8470
-21544
-3952
-24641
-6909
-10940
-28680
-25960
-32665
-25022
-18198
-18825
-21094
-6512
-25284
-32555
-19935
-3096
-27131
-5951
-22663
-5681
-14811
-196
-19320
-19628
-7548
-577
-20430
-12066
-22106
-3944
-31588
-5898
-29405
-15380
-3997
-29843
-16896
-28471
-5148
-19185
-2973
-20893
-15151
-5615
-24809
-5292
-23347
-24334
-7069
-29773
-23887
-5087
-11669
-28504
-6709
-29356
-18239
-4661
-25731
-4698
-6971
-24014
-30593
-20447
-3825
-20447
-23781
-10301
-18599
-1654
-25354
-30732
-13152
-9670
-24231
-20111
-28962
-16576
-3452
-15323
-26689
-20242
-2981
-6234
-32370
-12951
-12505
-26947
-5021
-17653
-13844
-1052
-6049
-26599
-27258
-11972
-21422
-25321
-19779
-8110
-7036
-7958
-15933
-483
-21692
-30552
-7028
-30752
-21405
-25825
-24588
-9588
-20447
-28647
-19435
-9904
-15187
-27271
-8171
-5885
-25010
-4120
-14041
-6803
-29298
-27856
-5718
-14426
-25595
-17649
-13058
-22671
-7598
-6811
-3919
-19468
-14196
-15618
-13484
-29548
-29454
-11939
-19951
-10141
-10383
-21135
-29868
-20332
-11661
-22863
-26615
-2555
-28598
-12038
-13279
-22048
-18300
-2453
-19189
-24776
-20770
-7127
-15093
-29511
-31268
-21544
-7118
-10133
-21520
-16920
-21094
-12173
-32129
-4255
-11063
-2781
-11210
-1699
-16154
-4829
-20209
-786
-16932
-29728
-26537
-12058
-18038
-5210
-14344
-28590
-25817
-15826
-3940
-20389
-24547
-11440
-14655
-32178
-18415
-19791
-5279
-31797
-3776
-22749
-4882
-25620
-12537
-32010
-16322
-249
-10002
-1957
-638
-3420
-8040
-9924
-28258
-14872
-18014
-4345
-31297
-25112
-13066
-29978
-712
-22867
-25128
-5234
-9408
-25837
-30351
-32047
-8298
-30023
-827
-22896
-31350
-8810
-21991
-1642
-22933
-11034
-24412
-15708
-5664
-3907
-19054
-14127
-22999
-24961
-18251
-13619
-9682
-13991
-19595
-16855
-3878
-18272
-20185
-14249
-25702
-9830
-10977
-19677
-12394
-12587
-13500
-29138
-7544
-3489
-17068
-30846
-20987
-26599
-10346
-3407
-348
-11218
-30023
-27451
-28803
-27279
-11902
-2314
-18399
-18034
-2658
-18534
-24375
-2420
-30773
-2961
-24530
-31334
-20705
-18866
-26136
-6483
-17440
-16379
-6524
-32333
-30683
-29270
-19206
-28377
-30048
-27611
-28123
-9117
-20537
-8421
-22429
-16654
-6737
-9748
-31010
-30429
-17481
-299
-24121
-18644
-6324
-20766
-11141
-2527
-26959
-26537
-23429
-7090
-11042
-28950
-8769
-32645
-4739
-5181
-29822
-11714
-22515
-29425
-17358
-15998
-13475
-25247
-16207
-32665
-18141
-17752
-21549
-29175
-25526
-10752
-31260
-11235
-3145
-11358
-27152
-6660
-27635
-14200
-24612
-7553
-32370
-29769
-17285
-14254
-21364
-19734
-32276
-15704
-32292
-1843
-9728
-21110
-7020
-6561
-32419
-3125
-23298
-29720
-26886
-12738
-5283
-28868
-14770
-27328
-23592
-12988
-29487
-20316
-10690
-19435
-10215
-27873
-23429
-7659
-18014
-28180
-14925
-7733
-24174
-28508
-27209
-9158
-8364
-27164
-14151
-30453
-8335
-1404
-3629
-20201
-10321
-17367
-9072
-25047
-4730
-2793
-13082
-2936
-26558
-7778
-29118
-25698
-10887
-7573
-5062
-6434
-32235
-13135
-22138
-18894
-27787
-23887
-69
-17268
-15933
-2895
-2588
-19374
-24330
-3878
-28471
-15392
-5029
-4419
-13467
-20008
-27688
-30257
-3280
-14385
-15454
-17670
-569
-27918
-1253
-10182
-26161
-7299
-929
-10104
-30404
-25313
-5582
-6078
-14872
-21491
-32559
-3112
-24043
-4726
-16486
-3284
-16146
-1523
-5971
-24301
-21856
-31760
-21848
-3461
-929
-30937
-14143
-20647
-27471
-14520
-17620
-21995
-14102
-15527
-19374
-31121
-17936
-7028
-6799
-27512
-25231
-2150
-22114
-23199
-16224
-6332
-27398
-15081
-3248
-8732
-14729
-23789
-14028
-27000
-7331
-29696
-29442
-1572
-20664
-7450
-26955
-5419
-25993
-32595
-13914
-13910
-16203
-23568
-23564
-31150
-16289
-7761
-21442
-32010
-29777
-29126
-12468
-2334
-21127
-19488
-32157
-22478
-1523
-17035
-14852
-25116
-30031
-30703
-25608
-22409
-21700
-4767
-12288
-16052
-32567
-6004
-17149
-15499
-22654
-32006
-16166
-10080
-5386
-2383
-12673
-9596
-12685
-23093
-30134
-17563
-24666
-32546
-3084
-4964
-31633
-21020
-2879
-27189
-12439
-24961
-28164
-15249
-13307
-1703
-22003
-4476
-3858
-15831
-7446
-26177
-11710
-5955
-2969
-22777
-1245
-10792
-4825
-22777
-8495
-21270
-28176
-573
-32493
-9367
-794
-16805
-11804
-413
-11472
-17010
-19947
-21925
-5705
-21606
-1032
-2334
-25104
-16429
-6447
-5976
-20320
-16121
-32579
-29163
-25776
-19341
-2150
-22417
-16535
-17780
-11853
-26615
-4300
-3756
-24313
-32047
-6066
-24551
-1601
-16248
-3264
-2162
-548
-3543
-21143
-3588
-12369
-20480
-7749
-31727
-2879
-17506
-15781
-22921
-25980
-6516
-26345
-28123
-23625
-28106
-15556
-13107
-3035
-30310
-31719
-19161
-16932
-12140
-36
-30728
-29339
-11620
-20205
-4780
-29839
-7344
-8921
-23130
-6971
-12914
-8577
-27533
-1912
-11472
-21438
-17072
-2129
-5246
-3964
-2166
-9715
-28852
-20455
-30142
-20217
-7733
-32014
-18280
-6647
-25243
-6545
-12894
-29999
-19865
-29454
-30408
-19644
-3190
-16437
-23605
-7294
-15446
-2473
-5206
-15093
-20561
-28930
-10596
-5046
-7483
-14254
-1466
-26279
-30257
-3481
-30081
-11784
-25268
-10334
-2154
-26472
-32079
-26165
-8806
-18366
-1462
-22196
-16613
-14311
-27471
-27377
-8138
-16506
-11309
-14897
-30212
-15175
-32698
-4263
-29429
-8966
-26984
-11280
-19656
-14577
-22110
-29245
-9809
-29511
-28872
-23646
-29437
-12603
-30273
-29667
-17903
-12738
-13344
-23953
-19808
-16691
-12820
-24866
-31072
-19066
-18223
-16818
-26411
-23404
-20410
-10383
-16109
-5529
-14512
-26849
-3043
-20754
-14450
-10944
-22921
-20410
-23576
-8560
-21327
-20033
-13111
-27987
-31342
-9019
-9490
-20590
-15982
-15892
-20176
-4448
-22396
-29356
-20217
-29052
-24600
-20717
-18661
-22224
-23621
-21647
-1802
-21024
-9908
-4247
-8597
-11128
-1929
-11853
-14446
-20029
-23875
-20824
-27602
-28254
-12787
-19337
-29720
-1916
-21676
-4509
-16019
-32546
-15806
-30224
-23896
-13987
-20750
-20525
-10850
-18767
-26468
-2805
-15839
-2482
-7757
-16064
-31158
-32677
-14618
-18452
-19107
-1912
-4694
-10502
-16596
-15966
-31080
-6758
-29630
-13565
-28688
-2572
-29741
-6545
-3874
-16236
-1568
-8445
-28798
-14438
-6377
-4186
-8978
-20783
-24952
-26431
-24170
-21999
-26316
-28979
-20869
-6430
-3411
-7766
-8544
-30396
-17571
-7454
-3739
-21975
-21712
-19226
-13328
-20402
-10170
-22331
-16080
-11206
-2949
-28540
-8839
-15654
-19734
-5443
-10711
-10973
-21176
-22212
-13729
-18124
-24535
-14786
-13398
-13398
-9039
-31965
-7102
-10870
-4853
-31047
-24608
-29163
-32235
-17195
-8814
-4931
-475
-430
-4657
-1638
-2564
-22700
-1118
-12197
-13615
-22106
-30289
-20910
-5017
-27754
-27648
-290
-18423
-23572
-29503
-2584
-20058
-16486
-4599
-19279
-12996
-20746
-5562
-20631
-17055
-1867
-18198
-14286
-32337
-25481
-659
-21491
-12550
-7086
-25235
-10604
-10252
-11493
-3993
-14041
-1925
-19222
-13008
-8663
-5963
-8450
-24375
-32731
-8015
-10452
-23904
-10792
-25821
-17235
-3801
-22593
-15769
-11780
-13967
-7270
-1908
-20414
-430
-17522
-24817
-24784
-32387
-27508
-13664
-15663
-25042
-6529
-25800
-31522
-19726
-28438
-29839
-13017
-11677
-18694
-4427
-1249
-13508
-30478
-26914
-10739
-8536
-18522
-26415
-28078
-31055
-27488
-26947
-16584
-4050
-18112
-2805
-7286
-18845
-27623
-25153
-10887
-5193
-23064
-1892
-5001
-30789
-30314
-5173
-11468
-26382
-22421
-21393
-13545
-11329
-983
-11718
-9592
-26501
-27107
-26697
-3203
-26071
-26357
-23973
-23437
-31948
-32145
-1908
-14434
-30404
-23592
-2187
-3883
-18423
-16596
-21278
-24608
-29384
-5455
-20148
-29868
-30756
-31481
-15167
-22990
-29712
-12976
-27308
-4706
-23441
-15405
-28983
-25755
-22855
-4689
-26808
-26394
-4018
-16949
-3837
-20774
-28995
-3641
-28352
-4726
-13660
-24141
-24743
-23592
-22626
-14127
-30457
-23793
-27308
-18427
-29126
-2994
-5750
-3297
-20828
-28319
-25509
-5156
-27074
-20307
-6881
-10940
-26640
-14213
-31371
-9822
-22134
-4943
-8556
-1482
-23597
-1941
-11640
-26923
-19075
-18497
-18792
-14315
-29687
-21159
-4567
-5656
-18259
-14753
-851
-23068
-14192
-933
-4501
-15986
-19865
-30875
-29773
-32452
-4
-14229
-26095
-5365
-6225
-8142
-32129
-26718
-737
-27201
-26578
-23347
-31105
-17862
-3379
-32518
-8458
-13914
-10448
-30818
-15536
-28798
-10260
-18034
-5406
-20619
-27234
-2965
-20557
-8273
-30355
-25923
-12615
-1191
-22036
-18788
-9846
-655
-32317
-466
-28659
-1527
-26652
-15695
-19206
-25194
-3932
-20033
-13832
-7458
-7163
-487
-21086
-4653
-540
-1183
-8314
-11304
-8888
-23801
-15888
-30167
-18698
-14004
-11026
-3088
-21045
-5021
-23306
-19632
-15585
-21889
-11083
-31748
-5238
-385
-19501
-22188
-11206
-1040
-5738
-25436
-638
-18780
-21639
-22454
-3956
-11386
-32382
-31776
-30265
-3883
-21430
-8351
-20045
-9797
-4390
-7217
-15560
-10551
-32722
-10711
-23621
-3469
-9617
-21393
-24432
-22069
-10301
-5947
-7655
-8331
-31465
-5591
-27742
-19755
-14331
-23244
-10424
-12599
-12976
-24506
-25698
-30732
-12881
-24379
-3477
-22638
-2592
-12660
-26243
-12038
-7602
-6828
-10592
-31617
-10752
-2560
-7831
-10137
-3698
-13438
-19816
-16392
-11456
-270
-18452
-30052
-16285
-31637
-21594
-8556
-29323
-15527
-7741
-28348
-28860
-1912
-24944
-393
-14954
-3969
-31666
-14950
-9158
-22466
-6733
-28979
-28504
-18509
-19025
-24707
-11423
-18108
-26509
-15597
-17743
-21549
-9449
-23650
-10211
-7397
-27066
-16191
-1376
-24276
-4026
-26398
-19890
-6631
-954
-17068
-31346
-21323
-21733
-708
-16207
-18534
-983
-21827
-20643
-16080
-30367
-32149
-28274
-18853
-11350
-28860
-20271
-4362
-14340
-28823
-30883
-18690
-8351
-21434
-24621
-10772
-3706
-27070
-28540
-23797
-20242
-6610
-17702
-19329
-21483
-2797
-2347
-28934
-22851
-17362
-24535
-27324
-14479
-1327
-29392
-18161
-25825
-10997
-27332
-17096
-17424
-12623
-21958
-22396
-28930
-22765
-24117
-25055
-31526
-24686
-671
-2801
-5373
-4820
-22036
-18354
-11784
-4554
-15364
-8359
-10657
-20754
-13090
-16150
-24748
-1204
-16809
-1646
-25272
-5705
-1863
-20033
-23060
-8482
-13045
-3219
-10350
-5881
-20828
-19542
-13885
-15470
-1507
-27271
-5947
-5464
-15204
-26689
-389
-4026
-3915
-3072
-5947
-32407
-18604
-782
-29138
-14393
-32129
-7585
-12607
-17047
-4603
-18620
-29515
-14835
-9670
-31600
-24711
-21856
-29929
-30928
-7200
-5308
-446
-1310
-19759
-4431
-11571
-19259
-7598
-10391
-10801
-3076
-4415
-11235
-11079
-16007
-25112
-26550
-17788
-4710
-13320
-10878
-15011
-6864
-13852
-19951
-18485
-17559
-12521
-18165
-2629
-19271
-11128
-4132
-13811
-30846
-569
-31125
-29900
-29396
-31014
-25706
-29540
-4149
-24403
-23339
-17141
-11583
-18485
-16736
-18882
-4694
-20324
-16297
-5459
-32165
-667
-9539
-7782
-524
-8237
-31158
-24985
-11206
-27508
-21340
-30453
-32722
-29904
-24399
-27226
-30543
-23457
-4915
-3870
-16715
-26767
-30543
-10522
-4349
-25202
-21958
-7729
-10342
-29569
-16080
-9695
-16052
-32595
-32108
-7061
-13074
-4628
-16789
-14098
-19017
-2306
-29077
-27168
-3428
-15609
-18526
-1224
-3174
-1781
-22786
-27705
-12365
-22360
-7667
-7172
-25112
-9482
-7663
-13545
-29016
-7806
-5746
-7385
-26746
-782
-25055
-4448
-10240
-21106
-16527
-27430
-17375
-28684
-2322
-13574
-16318
-8368
-23494
-16728
-19415
-2748
-6918
-25456
-16887
-13156
-22343
-24911
-21516
-21450
-14483
-30441
-20779
-11124
-21286
-25849
-24281
-5033
-5328
-20357
-15208
-21131
-11743
-11984
-11837
-9629
-22851
-3096
-15761
-14204
-21618
-23228
-18989
-28110
-12091
-1769
-6623
-21016
-11567
-10747
-20246
-5939
-6504
-22122
-10563
-15929
-31760
-17784
-2424
-2682
-10702
-18886
-2781
-22630
-14336
-6615
-22155
-1359
-24059
-21966
-16605
-19755
-29708
-8851
-21925
-1773
-16384
-15994
-16203
-31662
-6791
-17166
-10162
-7393
-7909
-12627
-12955
-2629
-9678
-5820
-23875
-19185
-23998
-5939
-12480
-9265
-14929
-7819
-30674
-19144
-28819
-30760
-20287
-16547
-27926
-26669
-10010
-20250
-29810
-28536
-14381
-23490
-6979
-18427
-28016
-1646
-8777
-32239
-25395
-217
-20905
-15458
-28110
-13848
-3895
-31227
-24629
-7569
-10772
-27107
-8265
-22097
-7585
-6606
-11243
-4210
-4153
-9723
-11563
-6406
-17547
-19705
-22126
-25731
-1585
-11636
-8601
-26333
-30687
-22085
-1007
-9928
-23695
-9654
-22884
-8687
-24129
-12156
-21299
-26988
-15507
-29437
-3260
-2981
-20443
-20463
-11395
-22704
-7847
-4698
-17858
-31711
-18751
-23982
-19771
-29130
-6737
-31354
-22564
-28512
-28622
-1818
-10018
-25952
-28663
-27308
-14696
-17928
-17428
-29163
-20860
-24670
-21065
-13864
-16781
-15015
-30355
-5283
-2973
-7323
-2756
-6672
-573
-14254
-2322
-4546
-18264
-28790
-6991
-20688
-7675
-7598
-4304
-12574
-10657
-7806
-19271
-6995
-11587
-1191
-31559
-29679
-19206
-23166
-22519
-12537
-31707
-21331
-487
-10645
-7421
-15921
-18264
-16744
-21778
-29130
-10027
-28073
-21262
-13877
-12763
-32088
-28545
-26038
-7761
-23932
-11079
-1957
-32706
-27713
-7749
-2846
-27324
-6877
-2473
-1744
-31449
-31592
-27484
-393
-25251
-31457
-25317
-28405
-27983
-24162
-1880
-5038
-18776
-16281
-17305
-27250
-29474
-27275
-25452
-31674
-16228
-15958
-24145
-26939
-1155
-12500
-17231
-13586
-23785
-266
-4423
-10813
-28037
-1466
-5976
-20230
-30928
-5742
-27930
-9359
-28463
-24821
-13426
-28499
-3932
-24420
-15654
-21741
-27639
-18219
-909
-13914
-22499
-11550
-12189
-31125
-8105
-32608
-1536
-16338
-27738
-9605
-7368
-13152
-10330
-17707
-18513
-5537
-13520
-27746
-30441
-9953
-8929
-24846
-31653
-7254
-9818
-17690
-8859
-12275
-6946
-21790
-761
-397
-4812
-19533
-21811
-9519
-9093
-27820
-26578
-3403
-20586
-18948
-24743
-12632
-24514
-13012
-49
-9408
-25038
-23564
-200
-23846
-2711
-13004
-26128
-31862
-421
-6758
-10809
-23076
-13332
-3293
-7016
-9703
-16019
-12730
-356
-17694
-9342
-17006
-22667
-29622
-29954
-7778
-17838
-10977
-25055
-24817
-11788
-19038
-25034
-4419
-475
-25047
-7245
-23334
-3313
-24788
-7749
-20340
-15790
-22073
-14024
-4124
-20987
-14917
-1839
-14925
-19173
-12550
-18341
-20201
-26980
-27017
-9768
-5156
-20889
-7270
-22851
-23191
-29085
-31571
-19402
-880
-30412
-6303
-11132
-23138
-17649
-10829
-12550
-634
-7401
-3457
-17321
-19705
-9994
-25923
-23625
-28610
-12279
-31641
-18046
-12214
-26492
-2498
-12288
-6418
-19484
-29368
-30199
-25358
-23453
-16818
-29601
-6033
-27332
-3473
-9031
-19988
-7180
-950
-1413
-25145
-26587
-20295
-18636
-5386
-4591
-15253
-22728
-27156
-30920
-9416
-31891
-15548
-8101
-13520
-11915
-29335
-12996
-12136
-3481
-28745
-15642
-712
-1110
-17317
-2781
-29569
-4063
-26898
-29548
-9707
-20467
-2707
-4415
-25354
-13352
-139
-9932
-163
-10719
-18915
-17772
-6668
-13873
-22896
-4464
-5087
-28549
-839
-18599
-19988
-8531
-11730
-31604
-23461
-21577
-21950
-11661
-32063
-7114
-22216
-15491
-31494
-21577
-22937
-12906
-19730
-376
-19906
-11640
-9277
-26783
-7729
-20738
-1060
-14684
-28520
-27009
-9408
-31576
-9617
-30019
-18059
-29618
-12410
-14344
-13692
-2883
-10178
-22917
-27136
-22941
-26660
-12308
-24760
-31027
-29229
-25899
-20258
-5296
-4079
-28315
-10190
-9334
-30777
-26103
-1486
-147
-8470
-16408
-14503
-10977
-8364
-32354
-26263
-30466
-10514
-15347
-4149
-24256
-8286
-15568
-5943
-4243
-16859
-4964
-11268
-417
-12472
-1929
-15151
-6144
-208
-30629
-12808
-17084
-2977
-442
-9547
-11530
-18464
-18505
-471
-16347
-6897
-2154
-20865
-1835
-180
-25477
-11497
-27992
-23621
-3649
-3657
-16928
-30658
-11706
-19648
-21209
-5189
-30085
-31678
-11169
-18366
-28024
-17686
-16596
-4853
-24850
-30699
-17653
-10313
-4947
-21946
-32563
-5222
-29114
-2281
-22675
-23064
-6684
-9105
-19087
-23416
-7950
-12165
-8171
-32645
-18395
-20619
-12365
-15872
-26238
-19382
-22466
-5214
-30801
-14417
-2658
-28409
-19587
-15286
-10043
-21131
-12300
-12652
-15319
-29904
-13754
-6733
-31698
-30384
-24707
-4190
-15114
-4325
-21147
-21454
-11194
-24428
-12795
-30695
-29298
-12808
-20221
-16465
-30523
-2686
-25636
-6721
-7172
-25026
-26652
-1609
-2387
-25149
-770
-3268
-2277
-9736
-29290
-22601
-20209
-30359
-17649
-5632
-10739
-6696
-5562
-14241
-7950
-11022
-31342
-8146
-16556
-22155
-18862
-200
-10711
-21704
-16093
-4980
-17330
-28762
-27897
-5083
-24776
-18374
-16912
-31752
-30973
-23126
-23101
-16338
-3776
-3362
-26107
-18202
-10596
-2334
-5857
-17760
-10661
-1957
-4718
-16949
-20176
-11325
-3502
-27508
-7155
-14159
-27316
-15769
-31453
-12029
-21561
-16191
-16203
-21303
-20516
-23371
-1306
-27160
-18214
-24727
-6668
-10866
-6504
-31457
-11239
-25686
-29212
-28278
-9207
-30547
-14385
-27090
-25612
-8699
-1134
-8761
-1048
-11440
-16003
-3194
-24895
-27037
-9875
-21729
-9326
-27701
-4685
-30531
-22548
-15065
-12754
-12804
-10579
-3407
-14757
-26673
-25853
-13385
-7319
-26386
-32706
-12713
-12873
-28598
-1314
-9674
-7041
-18661
-22925
-28774
-13168
-25927
-13987
-3485
-3915
-8069
-20144
-27615
-28061
-16396
-1314
-30187
-18395
-11767
-10289
-23175
-7524
-20738
-17039
-30535
-1552
-1978
-11866
-26779
-3244
-6574
-31113
-18513
-17465
-4435
-14434
-19197
-9760
-19599
-15286
-22392
-10203
-16117
-24674
-29888
-8540
-10362
-15028
-4890
-16936
-12935
-4317
-22306
-3387
-29999
-20799
-9383
-3461
-17596
-5115
-12210
-12742
-22380
-31502
-28659
-24117
-25677
-11108
-23609
-4685
-21188
-491
-22523
-8409
-30281
-16412
-6123
-13303
-30498
-27615
-28807
-21499
-32137
-20676
-14127
-15994
-18935
-22597
-1388
-9457
-24870
-16179
-2076
-14303
-1888
-6197
-2138
-7778
-24137
-16646
-25006
-22384
-24952
-2093
-8695
-26865
-24313
-8884
-23592
-21417
-5087
-31825
-3031
-15290
-27684
-27320
-2912
-29110
-22757
-27877
-19550
-20807
-17793
-22917
-14336
-12754
-13721
-13504
-20692
-12472
-21954
-20336
-9232
-3760
-14671
-6283
-30965
-24158
-9547
-19861
-24051
-2195
-10932
-21676
-10985
-4452
-26656
-23547
-26275
-7741
-28237
-172
-24956
-31776
-21917
-21864
-26353
-17965
-26001
-4612
-2748
-22446
-24596
-12906
-19783
-12054
-8933
-18100
-5033
-17965
-25583
-21594
-30502
-11227
-5898
-19423
-958
-19251
-26857
-9019
-30371
-29732
-12353
-15691
-18296
-16011
-11722
-499
-8564
-29933
-10768
-30601
-30146
-13639
-4841
-16326
-29011
-24715
-8450
-19288
-17231
-2527
-6168
-19542
-2478
-17395
-30105
-2453
-22548
-1765
-10149
-10772
-19439
-32440
-16523
-12623
-15081
-4849
-12406
-2854
-6356
-30232
-14888
-21860
-7680
-13127
-17948
-21893
-7806
-18714
-81
-3338
-17928
-1671
-4427
-6062
-21516
-29487
-3719
-26636
-7835
-25034
-23056
-7245
-688
-10715
-11218
-22302
-28782
-20103
-19496
-2736
-13557
-28102
-1794
-1110
-18837
-24272
-4734
-20959
-4005
-31670
-3715
-8511
-17887
-26439
-1421
-7331
-21356
-22974
-18296
-8511
-18894
-28934
-18845
-31932
-21712
-24150
-19496
-18280
-9498
-20844
-27467
-14901
-23752
-21442
-1732
-4325
-18804
-4837
-30806
-20439
-12709
-24469
-32264
-27283
-20140
-29208
-9367
-23117
-5386
-21372
-12275
-2764
-8794
-32104
-2818
-26603
-12206
-8556
-23879
-14307
-27676
-30466
-11567
-29048
-27361
-2502
-2945
-17231
-20889
-11063
-29057
-17461
-16158
-19197
-16224
-6647
-10674
-16531
-31420
-25284
-21204
-31977
-7733
-13508
-23842
-11145
-4710
-2453
-10162
-30838
-16764
-9515
-30605
-28725
-31305
-13037
-2363
-262
-11603
-2355
-5173
-29261
-14483
-25673
-16670
-20303
-21258
-9887
-11104
-20951
-32075
-14548
-27676
-26726
-3006
-2035
-23187
-1482
-9879
-28598
-14200
-22220
-2347
-5570
-3878
-29528
-5218
-12218
-4354
-27287
-10711
-10510
-31592
-10784
-19136
-2633
-21827
-18595
-15495
-13570
-31916
-8867
-28532
-24240
-9961
-13299
-13369
-9977
-23322
-19832
-1937
-26431
-20484
-28192
-22253
-22827
-20594
-6451
-15126
-9629
-3190
-11804
-18137
-24981
-18206
-6033
-20852
-15581
-29413
-2387
-14647
-22560
-20115
-30535
-31002
-2838
-11980
-23879
-6807
-2818
-28385
-15740
-13672
-13803
-6434
-14082
-28844
-3674
-30441
-19582
-4939
-24928
-577
-21172
-16089
-2625
-13672
-31907
-25411
-8314
-17256
-31866
-573
-7745
-4206
-155
-11100
-10850
-32264
-32043
-19705
-5378
-26054
-3194
-24248
-24977
-30707
-27557
-2342
-954
-30326
-22155
-176
-18481
-29552
-20942
-23867
-13213
-26460
-18706
-4407
-26312
-15990
-13373
-9957
-679
-13021
-15056
-671
-24559
-1216
-19095
-20484
-23764
-15843
-11599
-2990
-24809
-11718
-10829
-4497
-5632
-19030
-30638
-7815
-22011
-19275
-20287
-20828
-389
-9670
-32182
-14688
-24694
-29552
-10522
-385
-25939
-4071
-3379
-10883
-8749
-29450
-1241
-8204
-17633
-30060
-14417
-30375
-7659
-1568
-5537
-5042
-24457
-26386
-17240
-1425
-18550
-12365
-7372
-5578
-7516
-15417
-4595
-12140
-5677
-28594
-15405
-32096
-15605
-21749
-24186
-8056
-24264
-21417
-24735
-30257
-14098
-31322
-13754
-5566
-7995
-23896
-524
-27062
-18382
-20078
-23732
-167
-19984
-17772
-3035
-18837
-19963
-13615
-13631
-3428
-29306
-20934
-11554
-7090
-19603
-25673
-25665
-8884
-5898
-22487
-12849
-12353
-4636
-20512
-29069
-8552
-21442
-10899
-21696
-9875
-3387
-438
-7393
-10567
-29679
-8716
-31444
-6660
-13545
-31784
-1744
-23330
-8998
-7094
-258
-7221
-10264
-4714
-21278
-22216
-32239
-2187
-21729
-8523
-24973
-32542
-5193
-32608
-19181
-21635
-21135
-4628
-30904
-18161
-17698
-30535
-7774
-10399
-21372
-6758
-3997
-12771
-30834
-7798
-11997
-7602
-20934
-5427
-7536
-28467
-31723
-11231
-3874
-15466
-200
-9572
-23289
-23044
-17039
-18882
-21639
-31924
-9801
-15151
-22437
-4378
-17326
-21307
-17428
-13099
-23220
-19021
-14663
-28585
-23932
-31309
-17301
-25243
-12738
-18280
-24199
-4227
-9052
-29990
-7798
-17235
-741
-9859
-7139
-23572
-18886
-30568
-4567
-15343
-27164
-30605
-24252
-8351
-18518
-18935
-10223
-6918
-26222
-17154
-3047
-16699
-18776
-17043
-14397
-12017
-26566
-1667
-14110
-8269
-14999
-23470
-17403
-28102
-17747
-28401
-3678
-13520
-15462
-241
-4964
-21864
-30720
-21344
-26759
-26681
-8933
-8978
-17432
-4091
-7618
-2179
-32239
-30298
-8998
-31838
-15437
-15343
-13598
-3448
-13479
-28762
-20606
-9109
-31989
-11309
-32481
-11128
-28766
-25153
-18251
-94
-7573
-2043
-20410
-22257
-2891
-26529
-15654
-14737
-32256
-5836
-20697
-30466
-15056
-30699
-6811
-12021
-17956
-3379
-29175
-14008
-15749
-7118
-32321
-28528
-9240
-11702
-24653
-19787
-1552
-3960
-10784
-5021
-880
-7049
-21893
-7229
-11395
-16031
-19546
-3117
-13950
-25944
-21966
-19292
-11722
-24768
-933
-5701
-1736
-5320
-6676
-30556
-28241
-25657
-25063
-15851
-26238
-25923
-18882
-15925
-30560
-17993
-30027
-12345
-13725
-7151
-4403
-16109
-25243
-1306
-3506
-17309
-7983
-19853
-6000
-28749
-15093
-26226
-29261
-3252
-31297
-32366
-4935
-8892
-20135
-29360
-10051
-4993
-29069
-25927
-11988
-17682
-20684
-30220
-14782
-7860
-5398
-25538
-24129
-966
-14671
-26632
-9302
-2064
-27344
-28725
-3497
-29077
-28921
-15093
-10850
-27312
-9236
-24391
-4931
-17801
-11546
-16646
-7303
-9490
-7811
-7757
-17883
-17891
-16134
-30867
-7204
-20520
-8736
-21311
-12251
-3162
-17174
-19648
-1818
-30994
-13266
-7122
-25997
-22876
-27648
-18579
-27906
-24563
-31272
-28258
-25264
-25387
-29970
-13393
-15237
-5095
-29806
-200
-4022
-27906
-7053
-1978
-18190
-9170
-1495
-1904
-1605
-13905
-10092
-13393
-25796
-27037
-20615
-163
-487
-16068
-6258
-1708
-24305
-10031
-7143
-25223
-1478
-32296
-9093
-12689
-3309
-6201
-18325
-18657
-18259
-2158
-28540
-15114
-12058
-2195
-9740
-13574
-30068
-3497
-19341
-15486
-4632
-28893
-548
-26992
-6041
-28450
-12988
-19648
-5103
-14647
-8732
-29093
-2551
-4296
-22884
-11325
-5160
-25292
-6856
-17285
-12689
-23465
-11567
-22884
-14508
-22761
-21356
-1503
-26030
-27860
-15114
-5124
-15601
-7471
-13643
-21225
-20795
-18124
-14721
-27062
-21348
-23519
-26750
-12693
-19582
-12398
-8732
-2441
-14684
-3940
-20119
-26288
-23834
-5120
-32092
-26279
-8007
-2195
-31334
-10207
-1003
-11173
-380
-23379
-18616
-26484
-10850
-31490
-27942
-1458
-32509
-31772
-10252
-28606
-23310
-7520
-10457
-5410
-65
-14848
-7761
-24403
-3112
-21905
-10215
-8802
-29794
-32583
-28377
-28168
-23875
-10346
-15851
-5431
-29106
-31649
-17190
-29810
-262
-2740
-2539
-6008
-26230
-31473
-13598
-27439
-9080
-29728
-3608
-5337
-22343
-3371
-14417
-24338
-17346
-22564
-10235
-2068
-19144
-30056
-3997
-12324
-28323
-25862
-31731
-27676
-26038
-13889
-4939
-13049
-10240
-4272
-4423
-31174
-28246
-20840
-7553
-1142
-4661
-8511
-20336
-9625
-7778
-32063
-12308
-30986
-8785
-9891
-30830
-31952
-23379
-23453
-16793
-14237
-23556
-25989
-8835
-12627
-3739
-6737
-16535
-1163
-18841
-4538
-25878
-2744
-28315
-13365
-28352
-21520
-8441
-5713
-28459
-2924
-24129
-3686
-2445
-307
-15355
-12500
-21364
-17223
-22069
-17747
-31563
-17850
-23580
-5554
-7589
-8372
-5808
-16637
-17866
-1757
-18681
-9273
-6610
-31236
-30212
-26275
-5648
-8585
-176
-28332
-2519
-12062
-4112
-24014
-6909
-1777
-8785
-4218
-7561
-950
-6578
-22212
-15233
-22315
-28143
-25923
-5976
-20131
-10723
-13688
-32202
-18755
-4743
-30380
-4530
-30818
-32067
-4632
-16044
-16986
-2949
-32382
-25608
-30302
-21258
-6324
-5910
-22892
-12947
-14393
-10072
-26636
-16130
-958
-520
-13623
-28512
-8364
-4263
-1159
-10039
-22495
-19111
-21327
-17915
-13074
-27611
-29216
-1626
-5804
-9609
-11124
-28762
-17141
-30400
-9949
-25354
-10170
-21401
-26206
-16551
-26554
-5025
-6930
-11481
-28508
-22753
-26198
-8572
-20574
-16596
-4251
-9535
-12521
-30814
-6647
-31141
-23011
-15093
-8830
-4177
-27791
-23437
-16027
-24162
-21569
-16674
-14249
-26296
-12132
-23900
-28868
-8450
-200
-9482
-9613
-14839
-1507
-25497
-23166
-29777
-27197
-17801
-26689
-31973
-3698
-26968
-495
-32382
-20082
-12087
-28626
-5369
-29847
-28262
-12312
-17276
-17104
-23552
-8458
-4251
-8171
-14839
-1028
-21504
-21872
-28766
-24739
-8065
-8470
-10158
-28188
-7413
-19017
-10842
-32641
-24616
-5185
-25194
-3575
-6606
-2154
-31244
-25128
-5394
-9797
-24133
-3411
-19435
-11964
-9961
-15925
-7196
-17534
-827
-21544
-17018
-15007
-17121
-28766
-15011
-10817
-851
-22306
-13004
-16216
-5271
-20615
-17285
-24141
-16330
-20201
-28717
-10162
-26943
-19451
-9826
-14999
-12201
-3977
-331
-29659
-13725
-22966
-6791
-2121
-20357
-20660
-20635
-25059
-29990
-2535
-17686
-8896
-6037
-7618
-15212
-1839
-16293
-614
-14741
-11038
-5685
-25387
-15163
-2109
-294
-22888
-31375
-29577
-344
-23523
-589
-69
-20852
-4698
-13803
-26652
-17534
-21647
-5885
-26083
-20328
-24571
-30093
-27877
-8245
-32530
-5681
-32268
-28151
-3600
-5451
-27983
-2498
-15081
-5029
-31039
-28659
-12201
-8663
-16871
-7380
-20512
-9179
-22290
-13328
-27762
-9777
-5558
-31236
-27324
-30085
-6529
-6340
-24248
-28311
-4816
-26591
-30846
-31830
-3440
-20664
-6455
-23265
-4816
-27803
-11571
-28409
-7462
-15380
-22802
-29618
-13070
-24473
-12980
-10366
-20123
-16740
-25747
-8269
-28749
-21532
-5443
-31604
-23683
-19599
-4915
-14209
-24289
-26812
-10539
-20283
-6942
-26456
-6942
-18968
-18677
-16936
-12066
-14897
-3760
-20643
-15990
-11595
-8749
-31207
-7647
-12107
-23826
-18624
-32104
-12038
-13299
-13434
-21880
-20807
-3907
-20656
-16400
-520
-13246
-4997
-11022
-4091
-8515
-25997
-18472
-27684
-14295
-11210
-17690
-32092
-27774
-7024
-10272
-1753
-3543
-30560
-20656
-19955
-17248
-28639
-19918
-23166
-11571
-31342
-2707
-3870
-8880
-4177
-11509
-7962
-29642
-17338
-29175
-10588
-5840
-9060
-4288
-9945
-4775
-19062
-19349
