2059
5103
2460
2431
2097
19310
6045
2221
2985
6646
5012
8054
10612
11385
2101
4635
22160
4036
6594
8669
8820
3458
3393
2297
14878
4000
6557
4080
2155
2205
2668
2596
6816
3845
2526
2648
3489
2392
2391
5241
4320
6340
2508
4019
3552
4112
7390
2081
3626
2110
8203
2267
5954
5843
2836
2691
2112
2141
2195
3157
4891
12254
5045
6085
3286
3582
14887
4125
2429
3063
22823
18099
10589
2466
2070
4763
2070
2384
11107
2714
3321
3611
3049
2085
9487
2164
5681
2622
6775
7559
22432
2978
5321
4578
2068
6083
2470
3615
13439
7571
15565
7771
2330
2513
3472
7045
3078
3115
3330
-14250
6436
4382
2768
3559
5416
2519
4292
3860
3004
7244
3587
21799
7659
2993
2122
5268
3639
3778
5462
3267
3404
9444
16054
4973
6002
3924
8548
2054
5882
3249
4803
21676
2365
5031
5508
-26680
3594
2134
2169
9080
2993
2511
3712
2944
15970
6289
2919
4180
2861
4413
6100
3072
9688
23491
5834
2115
3545
2192
6896
4356
8405
2646
6883
32390
2884
5099
8555
4757
4385
9807
2572
3435
3726
3703
2670
13022
2921
2056
3248
2138
7011
14339
17383
3306
5761
7147
2413
14914
12657
-21660
4626
6015
2888
-32436
2472
2055
3322
3501
2261
21048
2837
2222
13384
2594
5536
10719
21130
2093
2453
2732
3327
6698
4216
12020
27435
2787
4164
2227
9531
3803
2983
5292
4786
2053
10013
7085
3118
2700
3044
4192
12546
-12593
24288
2134
28300
8457
5350
6427
21704
2295
4050
2180
4273
4193
2614
15554
2907
4543
8455
3248
4113
5517
2267
3090
3880
2145
3026
-19918
2530
2730
3162
3641
4109
3889
2199
6203
3461
28852
3578
12254
14297
8849
4342
2446
19020
28173
-11249
11699
4127
2538
2064
3502
2928
7065
4879
7265
3623
2715
14352
3711
9597
2838
4998
5358
4368
4688
4878
2467
4586
2957
10116
2370
2494
17554
2229
6781
11403
7560
2443
2811
2530
3053
3131
2918
2695
-9111
2169
9708
2305
6604
3950
6637
15152
2066
9138
10125
3396
7396
7105
7893
4532
12362
5255
2265
3492
4161
4872
2141
2856
3426
2968
2443
2605
2117
3172
2480
7606
4979
2419
7866
5122
11366
9098
16797
2057
3029
2088
6405
3747
2500
8096
2564
3188
4076
9114
4757
2610
2225
11004
7464
2270
2076
2265
2158
7638
9196
3250
18200
-22129
2404
8948
5448
2260
2379
2558
6772
3883
11638
2937
3206
4825
2372
2841
2270
3105
3242
8290
3128
4748
22504
13569
3120
6852
2484
7185
6641
4452
4217
2867
2353
2531
13049
2916
2950
2317
4781
-30412
5303
28770
2311
2518
4373
2739
2059
8064
2344
5998
4302
2302
5221
2108
3225
-30030
4689
2693
5599
4731
4925
3451
2610
3153
2476
5100
7499
2084
3658
2153
2827
5333
5157
14448
21959
2628
2222
10773
8018
9669
7067
2232
3463
5465
2876
7127
3075
2631
2644
3699
3245
13604
2228
2283
2446
2844
2084
2695
3519
3448
4291
2696
2064
2245
7992
9669
2402
2215
2570
2331
5374
2718
6692
10445
2628
2068
3411
2531
4178
4499
8511
3469
2521
12937
5969
3945
11985
3479
3949
22584
3842
-7547
4120
3091
3709
12211
5095
5274
14425
10026
2345
2093
3836
-1404
9407
4668
23013
4516
-14329
2246
3265
3451
8764
3403
10287
2414
2100
5345
2255
2297
3404
2898
6294
3147
5435
2846
2417
4196
6825
2575
12491
6277
3437
3644
5125
20167
2071
6304
4798
18626
2684
2099
7818
6288
-20450
6313
20086
2111
2296
-21787
3860
22868
7657
3065
18567
9808
8904
2832
3849
19641
-18642
2921
4446
7718
5876
5586
2636
8571
5222
5442
20722
4269
3821
19056
9653
2627
2675
2738
3474
3795
2972
3976
14959
2578
2060
2224
4141
3661
2896
8042
6817
8032
9912
3581
4499
4930
6395
-30767
-23365
3142
3009
3192
22108
5924
3783
4877
5701
2108
5037
2503
4138
2443
8251
24671
4967
2515
3591
4143
2216
4225
2461
16388
2669
10320
5216
2462
5311
26770
7257
2808
3963
4911
2151
3051
6107
2557
2560
6390
3230
2449
3638
3779
2393
3368
2355
2525
2813
2831
5864
2715
4893
3568
8276
5484
2735
2561
3084
2249
3602
15160
2154
4920
2837
13980
3145
4282
19863
6485
4007
3444
5497
29512
3105
2714
16651
10755
3939
4927
2201
3784
3023
8060
-11126
3112
5796
6222
3810
3854
2577
4595
5685
2888
3858
6114
4126
2477
13657
31621
3485
2497
4576
-10890
3556
21965
15925
14743
25891
-13529
2857
10110
2744
9210
4531
3535
12684
3648
2292
2115
2213
9303
8217
2404
9447
3139
2477
8075
9551
3772
2221
2171
-30274
10182
15604
2218
3072
10995
2113
2153
2436
2483
-22300
5808
2788
2102
3168
3017
3307
2132
2070
4255
4922
3444
5683
4446
13353
2215
2101
2440
2104
2449
3980
5272
4522
6553
27318
5334
3269
6385
-20630
2536
3121
9800
2274
2514
10732
-21423
9809
2500
-23761
4384
9056
17776
7189
13231
3853
4942
8488
3997
11435
4158
3353
2391
16948
3441
2318
3714
4413
9341
2666
2732
14172
2440
3872
2098
2176
3423
13646
2163
2651
2308
22485
2623
2386
3042
3359
2317
4046
4262
3435
14634
11472
7040
2213
9340
2921
2127
4414
3081
5855
4366
-4718
3797
23694
8897
9015
3173
2467
8628
9275
3004
4396
10359
3046
11261
6576
4839
2326
5052
9477
4299
4137
3849
3143
18374
2935
3503
8140
5377
2574
2820
-26267
7730
8750
6283
2058
5174
2452
2373
10649
3528
19007
2956
4506
14571
20288
3819
2178
7402
5731
2220
3949
2098
2557
-13652
7632
4603
2789
2250
2311
5821
10976
2445
2397
2853
2681
13587
4677
2945
4771
2590
2929
5714
9528
8285
11208
3784
3440
4607
4214
2108
4460
5854
12829
2956
2743
2514
10555
2642
4152
23558
2548
3148
8340
8005
4185
4173
2258
3109
2548
4537
2704
2972
3236
20303
2140
2886
13919
3337
5199
3079
2566
8498
5572
3207
5366
4970
2081
2130
3552
2065
3003
3579
5839
6865
3211
6242
3540
2492
2066
3866
-32339
6318
21402
2764
15090
25503
26023
2301
6552
4486
4726
-25739
10568
2260
4134
2119
5424
9685
12161
20113
2154
6517
2052
4564
9604
5908
11478
3111
2168
2834
2441
4424
2630
8853
4138
-7409
9253
2772
2945
3098
2697
3632
-27520
3054
6889
5151
3816
6414
2415
5087
2462
6740
4130
4930
5997
3472
4398
4195
2674
2857
-13693
6969
2745
2876
18503
2178
6156
18678
27665
22383
8779
2723
5421
-30887
2295
3121
2963
3235
6392
6299
2502
6068
2243
-28114
5144
2677
2643
-26609
6432
4698
7194
6041
7261
4474
3328
18346
17602
9778
2289
13593
6029
12280
2432
18069
8091
2817
11867
2623
2568
2635
2548
4521
21370
3052
-26761
2202
29756
2258
15230
2755
2411
5215
7424
4207
7114
3349
2055
2136
4516
3066
3436
3127
5982
9203
3433
2902
2465
4621
2851
5181
2249
2326
3050
6304
2138
3081
9558
6159
2650
5387
6801
3526
3202
2483
3863
7448
3658
6445
3653
32562
3507
3510
4008
28617
3471
8855
5955
7052
25384
2940
4190
23292
3888
5119
3386
2380
22090
2577
2307
2204
3056
3574
2644
-24541
10779
2932
3611
15658
4715
3003
2420
2656
10664
6506
3559
3477
3260
5734
2334
17369
2946
4015
2792
5000
5820
10972
-11430
17138
-21483
3655
6220
4007
7926
2185
2460
16346
7900
4380
5815
3919
2900
2100
3375
25301
5162
5571
3035
11920
28586
3384
5296
3096
2581
4827
2336
2151
3478
3153
3679
20353
2321
3575
7428
3815
2188
3886
3513
2680
15370
2060
2820
2212
3299
2554
3165
2137
3519
5783
2696
2412
4047
2555
2729
2497
3311
4690
2275
2598
2163
3733
6837
3577
3110
9530
4660
14566
2338
2281
3952
2598
2312
18685
7832
4592
7728
3382
2098
13915
7557
4620
11638
3599
2185
2568
3060
2129
6420
3270
6326
4662
2581
6078
4293
2438
2919
5698
12526
7319
2848
2649
5285
5364
6305
4492
3060
3014
2126
5956
2248
-26199
5553
3431
19224
4840
3915
5774
3084
4614
4570
4005
9287
17551
7576
5712
2885
2724
9595
14490
2193
2798
5741
22142
5398
4791
2553
2123
5328
2616
3932
4834
20068
2580
2281
2637
4747
23476
3115
5092
2527
3177
2124
2832
2622
2725
26668
8233
4276
3566
2651
4730
15432
10920
2455
4691
2368
10829
3301
31277
4640
9046
2486
5632
2209
4218
29202
9865
3945
7335
2344
4462
4493
13096
2675
5680
2127
2285
5835
3706
7486
4670
2853
5108
2647
2750
2781
4017
11351
11628
2434
2995
4566
4227
2389
2302
12095
2286
7070
-7271
3238
12570
2438
2262
2994
11898
6251
3474
-21911
3828
2305
7556
5863
2466
14946
2180
2222
2167
4058
5189
2205
18400
2269
3082
2652
8349
19269
4140
2059
4875
23947
6292
5366
2487
2842
2208
2412
5654
3014
23785
6346
3638
4170
2588
6796
2374
4780
4555
-23177
3274
4317
12899
2607
2300
8490
2889
2268
5920
16608
2153
5554
2549
3859
7314
-4037
16991
2233
4745
3679
9558
11458
-1841
4321
6985
3103
5652
4977
2281
8748
4791
2262
5002
4388
5965
3208
11211
2663
2777
3371
2261
2056
21961
2156
2360
4143
3368
2298
2891
4685
5162
3052
2083
5291
4983
4378
3039
3062
5336
2326
3169
18933
5446
7112
2321
3380
2273
9334
3565
3780
2229
2058
2583
28506
5274
4369
2557
2493
-7082
2119
2137
5919
17223
6373
4803
3930
21898
4363
4220
4340
4450
2206
5450
2482
7233
3243
14789
3404
29280
3839
2370
4304
2650
9447
2446
5739
29317
2238
2537
-31386
11165
2420
7111
6847
3037
2122
3651
4759
6130
23513
2235
2447
5652
2585
2883
3790
6645
2107
3304
6069
11027
2596
5641
3742
6585
3562
2155
3893
2904
2465
2789
3762
22830
7090
2382
2170
5539
9734
2109
-28220
3043
10360
3219
5039
4357
2263
2095
8385
7561
3025
-22044
4722
3696
2280
10886
11261
2160
2348
3605
2315
2054
2951
26208
2641
2506
3568
2166
2535
2866
4382
2893
25786
14019
19492
10219
14338
2088
3331
6897
13016
2249
2090
2451
2658
2260
5080
4149
2268
2755
4050
5236
2959
3159
5019
6004
2768
2600
3379
3427
10316
22399
2287
3363
4625
9892
8958
2985
2610
2335
2505
2827
8361
6947
2585
2117
4376
5900
3571
2761
2534
2788
3713
5572
2149
3806
3880
4158
2850
6271
7751
2070
2905
4461
5812
7876
2093
26814
2301
2134
2745
12072
7839
7347
5039
2828
2436
3295
2775
5367
9261
4288
2251
2635
3540
6033
7202
2921
15762
2606
2921
6117
4780
-25775
2105
3057
2316
2869
4756
15934
4185
2927
3126
6176
2486
8266
6523
5161
3288
4785
2733
2769
4640
15485
2477
2115
2515
4081
4193
2172
2493
2665
11920
4850
4394
5442
6649
4199
5439
2341
2164
8184
3098
3169
7696
3184
24681
2182
9546
-16512
2378
2772
3940
12981
14553
2481
2700
2663
5976
3365
5636
3343
3917
3196
2134
2601
3966
3137
2522
3576
15615
6078
2463
3677
8063
2177
6946
2456
5211
2157
2074
3097
2625
2434
3908
2751
13447
3829
3043
2087
3562
-22041
9231
2647
3425
3379
7260
32238
3328
5407
2560
2888
4565
2616
26438
3712
18139
5086
3385
11088
6434
14934
4940
2056
2851
2963
5403
5251
3190
4342
2637
2451
6673
3780
2136
2554
2343
2521
8693
2619
2386
9152
3840
6914
4681
3511
2602
4348
15472
3549
3639
14668
4602
2138
5806
2079
2236
16621
2554
6069
3647
5615
7850
4399
2441
4007
-27778
4701
2765
4170
4380
4464
2945
3022
2298
-24152
2905
7353
8830
3992
2056
2312
3396
12565
2405
2122
3740
3273
3342
7714
2549
3355
6895
3829
-21686
2156
7717
2797
2057
4796
2950
2194
5572
3564
2238
3987
3138
4924
6911
2424
8819
5489
4322
17867
3582
-30657
9147
7242
4992
2264
2569
3150
2816
17082
5092
3075
2071
16616
2728
5515
8385
2651
25689
9900
3593
6494
6261
3592
4269
7749
-16855
28150
2147
2906
4184
4576
4812
6201
14025
2766
-1665
3011
18424
2284
2640
2097
7761
6137
-32082
6768
9629
2868
-24738
2178
2741
2148
2839
2205
7321
4033
3814
8254
3098
3121
28327
4802
2786
3898
2101
4271
12601
2438
3429
18354
2560
3677
10323
2852
4070
7469
3005
16726
15630
21414
6370
2141
3758
2842
2140
21152
17763
5896
2905
11147
3699
5363
2157
21441
23243
32319
2391
2941
3739
2552
2820
10360
2280
4045
4761
2181
4411
13885
4161
2680
2336
2880
-4778
3373
4604
6345
3227
3582
2190
2706
3366
2829
3734
2321
-28878
2067
8460
32342
3797
7171
3642
2055
5205
2249
2450
4073
6069
4439
2904
3258
2982
2371
15506
3327
17881
5439
3449
2838
9949
3786
-2943
2234
2362
2556
2111
3130
2836
3451
11254
2954
7393
3309
4340
10808
5749
4240
3941
2225
8718
3467
3770
13544
2573
2094
4095
4047
12899
2753
2615
3509
4998
2567
10077
2870
3170
-9273
2264
16423
3305
8124
3263
2657
18429
2773
12032
3166
8148
3191
2291
-6442
7915
2536
3333
2084
4462
2288
6721
6520
3984
3407
10353
8682
2393
8442
3179
2949
2313
3434
9966
4486
2916
2949
9496
4288
2497
10106
3748
2638
2503
2119
7998
3480
2077
3696
10724
18554
4087
2304
3711
21466
12245
2883
4374
3742
-15161
5693
4802
4458
3912
2287
23559
10727
2181
2828
2286
3237
4900
11397
2497
4159
10387
3709
3110
5473
2657
3182
3640
8543
17771
2676
2291
16059
2052
14883
3170
-21791
8708
3779
3357
8667
2619
12787
2820
2467
3158
3094
2242
3520
2234
4080
8785
6595
32117
3743
2135
3333
4910
2279
2068
6705
4098
2701
3974
2394
18683
3318
13244
3241
32324
6098
2536
6155
3659
2207
4330
2638
7470
7607
2155
5647
2354
3643
8300
10263
3549
5007
3931
7858
8199
2197
8792
4738
2594
4749
5429
2514
5409
3144
2168
24137
5001
2173
6105
3115
2713
25722
2203
-15863
4694
2959
21867
3587
5122
8557
3238
4429
4310
2528
2067
6453
3571
-7637
5584
12693
3562
8714
2743
2117
2227
5713
3708
2231
9730
2999
11937
2075
2923
2559
2727
2786
12630
2394
2673
2647
2078
7619
6211
3652
3906
20225
14232
2087
23940
2232
26667
3097
9626
2370
3191
2329
15608
2842
3943
2478
4804
4886
2213
2578
-25214
3247
28595
3930
4637
12313
2461
4370
9264
4476
2266
2945
2208
2512
5194
2550
4452
7188
4155
4664
5254
4453
4583
3669
3111
10975
3026
11384
3730
3686
6242
2619
4094
6221
2059
2858
2203
4624
9628
4635
5920
3444
4350
2155
2301
8175
2362
5586
4303
6592
9517
5132
2364
2967
2751
6262
2755
2920
2201
20311
2351
-31588
2894
2480
2253
6457
3309
7507
2672
4709
4312
2729
4914
3774
7240
5983
2661
2256
3613
4055
5000
2457
2847
8286
-2239
2230
2949
2386
3468
9438
2422
6488
3365
2094
2300
2785
3333
2290
8653
2127
2111
11492
6806
2218
2955
3757
3326
3598
2434
6928
5006
9010
14171
14553
2719
9065
2123
4160
2492
2855
5188
31476
4495
7273
3253
10586
3760
12367
2440
30341
-9613
4733
2961
4517
8644
-20905
3089
5713
2659
16066
3491
-24522
2370
5046
3223
2879
2666
14649
2576
3081
2732
4208
5073
3547
6010
10483
2834
3558
5088
-32293
2346
7104
3832
18186
2773
10301
3220
-31913
3469
4917
8026
3997
3801
24779
8013
7284
3489
2304
7163
2413
2076
16361
5026
2142
2851
3762
21976
2486
29960
3699
16638
4150
4944
3469
5603
2436
4540
13675
2189
3497
9431
5079
3197
2092
4039
6384
2414
4260
2243
2896
2867
3142
3902
27245
3300
2897
3624
3863
4746
2761
5465
8774
5275
5341
2502
2177
4165
2275
4038
4111
21308
4230
2654
3235
2350
2119
12646
3353
3385
3192
5119
2786
3872
2114
4844
2170
3608
2421
4407
2050
2673
2766
3008
4197
12867
10595
2997
-28884
6685
3246
13968
14582
3134
2587
2706
2661
19788
-9983
2873
3032
9545
5935
18406
-32215
3801
4489
7185
3980
4023
3514
2060
2232
2235
2175
4111
2957
3442
3586
-19806
7042
7720
8098
4806
2566
7419
3590
3581
3589
3177
2558
3565
14132
2398
2669
4024
5398
3537
12706
4566
-29161
5640
3666
2739
7723
4319
2461
22862
2348
2385
10529
2228
2161
3051
21202
3408
7032
2658
2718
8461
5280
14576
5082
4570
14645
2262
4094
2524
2377
2395
2523
5647
3033
5808
10491
18277
9271
19561
2408
2227
3527
2342
3328
3035
5137
2122
2279
2520
3074
20140
5579
11550
3008
4060
2295
3054
11762
5207
3817
6912
3797
4578
3158
14753
6046
2505
3701
3577
4477
4084
3579
4686
2429
2620
7937
9676
2689
2609
13389
4435
3064
3560
11531
11681
11706
2438
2064
2637
2421
6182
7152
3453
9525
4394
9994
4828
18152
3193
3136
2110
2649
5449
2709
2598
2983
2365
9295
13601
2448
9373
2264
3221
4658
4385
3252
3729
2206
6401
5800
2645
3908
10617
25823
2984
2852
4351
3056
3900
3227
20157
6716
2069
2098
14571
3067
6964
3090
2222
6385
2263
9145
9248
15258
2428
2411
2152
4159
10016
2584
7937
3029
6229
4673
9297
3726
4067
19874
14062
2416
3667
2600
2368
2232
2892
3452
6211
3359
-30672
6106
2613
2381
2908
2111
15626
-24948
2579
2400
-25948
2422
2525
2815
27841
3151
2187
3510
2586
13404
5355
4992
5402
2937
2126
2435
2445
3324
19286
-22424
28547
6570
2165
7384
3322
31998
-1566
4089
14024
5691
4516
21895
-25330
2170
-5692
3427
11666
2460
2629
3780
3494
2385
2182
3697
13504
9254
4135
-629
2256
2318
4451
2157
8928
14316
4836
6636
2117
6619
4298
21354
3609
7061
2783
2510
3993
2362
-21896
2322
3281
6427
2400
3418
3050
8166
2820
4839
4106
4293
19084
2793
2142
3463
2495
7366
5606
2906
5346
19171
7299
2312
3585
4128
10174
30997
7807
4976
3325
2996
12942
2824
30322
5165
2113
5001
2346
3121
4831
3995
3721
5982
6579
7935
2359
14811
3809
11690
5819
2079
9305
5438
3351
2635
2644
13781
3757
2943
2429
2936
2494
8718
2451
2936
2073
15422
2727
2073
3385
20685
3396
4999
2592
4775
4872
2387
4016
2993
2136
2359
5841
5014
2701
4668
2225
5990
2565
2109
7355
2286
2484
31165
15630
2540
2528
30298
20268
4362
21479
2446
2873
9968
2911
3669
2765
2420
5558
10088
4068
5792
3309
2685
5283
2421
2143
7540
2233
3427
3760
3566
23565
10459
2346
3053
5983
16810
12906
5721
3690
2263
3077
2880
10017
7346
18691
6937
4392
2660
2435
5441
5317
5203
2063
4753
3293
12543
2259
2758
6454
4943
4448
2236
2205
2171
2360
-26307
-19367
2901
5044
10987
4684
3590
17746
3660
4902
3476
4688
2934
17530
8846
5047
5841
5306
3257
4798
26030
2610
3597
2267
3240
3294
3587
2452
2781
8577
4268
2624
7068
8517
2368
11735
18626
11306
5377
2414
2660
-22330
2805
4758
2320
6706
3181
7766
3795
6236
6999
2585
4625
2507
4480
6557
9822
2628
3229
11867
3097
6430
2714
2170
4449
11025
8399
26536
2064
5074
6216
-24026
2298
4794
17420
2057
2999
5928
23845
4086
3601
16526
4440
16325
2249
3112
2462
-27642
2113
3563
6593
3183
3366
3040
2871
2218
24811
4391
-23268
24149
7992
8387
2245
31751
20528
3029
9571
7704
4573
4963
2116
4462
4388
12363
2265
2633
3711
3025
2734
2368
7978
2869
2188
5925
6873
16256
6358
2087
3850
3274
2792
5148
21600
6869
6606
6880
2446
6887
4461
4134
21755
2790
3023
3058
5517
3429
11272
4597
4640
7856
2056
12055
11835
2992
10471
4055
3625
5958
2810
6351
8109
-12251
2392
2702
9268
4896
2220
2121
2405
4951
6502
2644
2389
2110
4220
4376
-25848
2543
3451
2567
4562
8832
2222
2334
4793
2959
5543
4323
2475
9083
3806
5224
11799
2601
6301
9198
2302
4601
2215
2775
2928
2243
16961
2857
2455
4165
2085
2514
2534
5200
3486
2257
5122
2604
3700
6369
3496
2431
2220
2639
4096
8734
5544
2282
6379
5796
5470
2163
4417
18580
2921
4738
2904
3856
7935
3903
-13743
3872
2082
5451
7730
13228
6535
4912
3043
8170
28486
8959
2478
2468
3893
16854
3968
4232
5026
2083
14363
2317
5949
2540
4878
3486
2127
7762
2461
2805
4792
31486
6384
2096
2644
12037
-5939
14037
28203
4896
14316
8713
6919
3172
12858
2050
5488
4990
2948
-12990
5638
2094
15575
5007
2292
3173
6039
2141
2450
4016
2127
2582
5982
5325
2244
2906
3280
4458
2489
2762
2556
4685
2255
2965
26904
5723
3834
2259
2990
3001
2502
4257
2769
2591
25353
2256
-12800
6188
18399
6645
3424
7734
-32416
16816
3375
4225
25367
2116
2700
5834
17077
7367
2132
5079
2990
4101
24389
4014
2984
5952
2241
4478
5944
16767
2383
5461
5398
7629
2497
2887
8036
2964
3532
17177
2779
3177
2514
7160
24153
2099
2391
2348
3153
3965
2635
10492
2655
2110
-13128
2253
2623
7320
19170
2494
2572
2103
19469
2586
5487
4901
5036
5845
5632
4230
2588
4207
2322
4010
5654
9097
2751
4243
11820
2478
4104
16449
7976
2205
14094
4884
2781
7455
-29978
10646
3290
-31421
5865
10231
5455
10784
18702
6914
4035
8536
2146
2229
2466
5712
8028
5104
3421
3057
3585
4607
3177
6376
2239
4480
3201
2579
2340
6235
3068
3350
2286
8167
2356
3204
3116
4280
3766
6684
4422
8071
2599
3593
4728
2141
4353
3887
5040
14332
2433
2294
4535
6543
11620
2671
13725
2969
-1613
2880
3327
19370
13178
5034
7994
4541
4595
12280
3209
4759
7225
2532
4482
9824
10030
9249
2105
-17153
2573
3953
7347
2535
14978
2680
2780
3045
3677
3282
2362
3594
2414
6801
3438
32180
8538
9021
3163
2339
3095
23339
4736
3537
4302
4431
2054
18755
2268
2767
6214
-31659
2058
8134
7043
3716
7145
22563
2129
5279
2561
2250
2144
9661
2892
4107
6402
23466
4812
2519
2143
2120
2686
6620
2259
5694
5934
5843
5167
2670
7156
2346
4361
3135
3027
2525
4492
3431
2068
4621
4088
-30218
7812
2708
3366
3910
2930
24285
3988
3695
4155
3040
6371
31435
3210
4925
-7424
12656
4643
6270
2578
14279
2712
5684
-9502
3576
7213
6984
3374
2103
4720
2769
2464
3581
8307
10032
3947
3159
2384
2832
21549
7064
4715
4383
5362
23210
2710
4101
2103
7026
14956
5093
2399
4495
2914
2963
5046
3648
2846
7771
4650
2881
4436
2798
-30071
2521
2079
4300
3355
3254
2743
2300
7198
2941
5478
2838
3298
5146
2447
2224
2180
4829
9553
3979
2251
5935
22915
5708
3562
15438
28670
4842
7570
3458
3098
2188
3310
4281
2082
5762
5308
2870
2314
5103
2691
3356
4380
2704
2124
5385
4437
8978
11029
5678
3594
16675
11684
3706
12356
-17788
3709
2241
-28977
2525
20060
3912
14217
2056
7177
5265
2479
2870
2921
9883
8434
2546
3886
4388
18999
10369
9583
5965
24183
23311
2352
3872
2502
2705
9412
5518
3119
2628
12583
2892
7803
5577
8197
3385
6189
-25817
-15767
4036
3867
28823
-15660
7049
6405
2794
5885
4345
2151
3423
2098
3782
3082
4718
7534
3190
13481
4141
2891
11394
5694
3930
3834
5039
5688
6974
21830
14230
2828
7591
3113
4476
13534
3472
12408
6746
5153
4566
5542
4484
2765
3123
3098
6863
2408
3131
2266
18344
3280
7196
3557
2527
3352
2567
7634
6380
3372
3768
2898
2418
2357
3526
2179
14954
13211
11983
2591
2693
2457
3240
4754
2278
2252
19683
5045
4754
3680
2301
3692
30876
3119
2897
6788
8455
2863
9995
4266
4272
2578
2555
5171
9899
3179
2272
2194
8079
2447
3775
2315
7490
3376
4548
2060
2396
5371
4112
2579
8195
2112
2655
2659
4960
4479
2863
3227
2355
6899
2297
3934
2467
10072
3114
2895
3473
-12797
-12351
3286
2224
4399
2695
3244
2782
14821
3557
2602
4110
2475
2251
2692
3569
2699
8557
2977
2347
4838
6897
2716
3098
3513
2755
4133
3997
-8895
-20957
3271
2714
28212
6310
2652
6390
11346
3970
4158
6159
3965
2494
3677
2284
5040
3233
4104
5346
13692
2746
14687
2454
13433
3895
4918
2109
13504
24394
8479
3579
3825
4987
3545
-30932
2610
5155
2506
5345
4278
2743
2703
4824
6789
2337
14291
5923
5940
2625
2380
2105
2300
17386
2816
3340
-8533
8189
5109
6560
8210
2441
14018
3693
2988
6568
9278
2224
2171
6885
8711
5029
2153
15944
5686
2066
3881
3695
20400
2330
6149
5336
2342
2728
5552
20822
4169
5377
7129
25767
2614
4633
4650
3633
4839
5931
23169
17980
14598
25083
6231
5634
2460
2051
6242
4506
9536
8734
2559
4634
3748
2472
2342
2273
2994
2174
4159
6696
3771
4633
5614
8493
7344
4220
2473
9253
6934
2732
5900
6460
6787
6458
2873
2347
5331
11168
3317
7319
20202
8062
3362
-27975
12984
2434
24245
3901
4205
2078
3916
3480
2439
-16950
3631
15880
3821
4485
3879
5839
2349
9097
4374
4306
2533
2782
2220
2856
2417
2419
3323
4537
5027
3954
2272
2189
3704
2285
8396
9425
2519
2144
-27011
3460
4151
-15436
2379
7661
10411
2099
2264
2364
7722
2470
10574
20012
15836
2517
4861
2232
14542
6208
9104
2564
-30121
7079
2075
5559
2525
2333
13483
8795
7607
2801
6269
2752
2837
5942
2687
2333
4462
4484
3434
14476
2889
2931
10272
2463
2409
19025
4961
9820
2712
2395
2683
2523
7188
3981
3725
3502
5811
3618
10874
2833
8084
5855
16373
10003
21905
5939
15029
3729
2957
2128
2686
27140
5454
7832
3206
2458
2281
5001
4302
5061
2512
2978
2594
2438
2203
3351
3557
3688
10936
3749
-19870
2083
2670
5124
3447
4683
2078
3989
2519
4023
2973
2673
4222
6348
4579
2724
8479
4065
4356
4948
6441
8894
2362
2860
2239
2361
4923
6058
2287
2129
18580
6345
2432
4674
10708
2976
3795
3334
4907
15869
2781
17015
2219
2209
2318
-11703
3166
2259
7133
-27777
2938
2516
2252
9784
4097
2767
4693
6927
2408
5087
7626
2332
3089
9085
6057
6847
6051
2707
23483
3611
2957
15435
10669
5097
6242
2316
4216
3993
8276
8056
2272
2668
2075
7943
2283
3642
3312
-29113
7651
2185
11963
4864
7847
6714
12735
3544
4006
2439
19824
2439
6745
3339
13584
2225
29661
20535
7195
3151
6214
3669
5806
10981
3105
3213
2725
17150
6055
7651
2678
10111
3269
24038
7488
2757
5610
2099
2854
2121
5677
6974
2142
4058
3679
8507
5808
10963
2861
5842
2864
8487
2924
2089
4816
3957
7948
7482
6755
5735
17206
8080
2857
6905
3627
3538
11356
9336
2161
2149
23343
17495
4725
8633
3805
3948
3462
5675
2111
11671
4723
4164
2317
2173
6921
2684
7644
2193
2552
-31972
26120
2842
2491
2206
6942
2437
4108
4835
2513
5529
7364
8941
11719
2873
2054
4143
3150
4964
17317
2863
15128
2666
2097
5671
2682
5117
3244
2437
15318
2101
2464
12855
2248
10560
2213
3833
2580
2420
4289
3278
2248
3151
5422
9390
5509
5997
3279
2652
3111
10701
2313
3992
2992
2728
2520
-18178
10108
2100
8749
-28444
3133
5593
4812
2431
2202
2188
7887
2922
3365
5734
-31514
-9053
2625
2788
2561
2919
2851
5494
2132
2462
8807
3475
3629
3122
26662
7813
2057
2656
2768
3223
2140
2247
2182
4109
5434
4582
5904
6785
4979
2986
3189
6998
11162
2752
2139
7840
4805
7353
13202
3728
5190
3455
12859
4444
-24723
5666
2205
9478
9081
2665
4734
4074
21102
7124
2140
4449
2487
2456
20982
2853
2656
7610
26569
3301
-14989
3879
31548
8550
3993
4890
5197
8446
4037
19306
2254
2592
2367
9472
2768
4686
2467
2926
2165
6998
29360
4992
4989
4537
5061
2625
2255
6401
2986
3374
5010
4090
3405
8161
9155
7978
2415
3331
3167
2217
24630
9661
4305
5832
4660
7085
3769
12516
4278
3994
5779
2592
11090
3146
2173
13188
2693
2672
4578
2347
2195
4673
3691
5788
3681
3099
18872
2815
24726
2319
2439
2209
-26499
2887
22937
2124
10491
3698
9606
2809
4608
3628
2511
2630
3633
3072
4389
4461
2063
2877
3587
2884
3712
17108
4636
3612
3550
2869
5702
21755
2316
8721
16512
3550
3212
2522
3004
7007
2483
8300
2256
2230
2417
3811
3608
2796
2628
3495
15143
3651
9762
3870
3825
22111
2242
4597
2905
2071
4144
3786
6771
5377
2770
10884
12006
3431
5621
6145
7000
6106
3483
13299
4673
22835
2156
6898
3016
3202
9528
4227
3228
4241
7717
3090
5413
2123
2676
3118
12781
3646
4160
4992
3701
8817
4181
9230
4331
3879
3225
16437
9447
20179
2507
-26681
3354
13221
16257
4728
5156
8061
2261
4207
9693
4007
2864
3157
15332
2389
5732
-22040
9566
3774
2113
13798
2078
4390
9633
3789
5638
18373
2134
5790
3105
2352
2636
2181
10970
3881
2922
4532
19549
4721
3220
2190
11756
2610
4631
3164
3306
3302
2447
9902
3299
2147
8241
-11301
5369
2788
2395
13320
2968
4056
7463
2364
13753
6377
4173
14441
2725
3575
2081
2529
3382
5087
12153
4337
2448
25398
2174
4347
16428
2176
2239
2168
23393
2972
2543
2323
4186
3454
11555
9316
3955
2069
2754
5156
4983
5902
2090
9257
2145
-25047
12972
5658
2596
3892
7405
2325
2291
3424
5366
2937
10712
13482
4336
2862
-8717
18499
2086
5677
3817
7325
4246
13706
2057
4722
4454
3957
3059
2684
7049
2317
3514
6904
2177
3280
5924
2070
9017
-17362
13164
-30128
9809
3141
6248
4496
9156
2718
9148
2316
2817
22426
-12298
3356
19873
2121
2814
-25095
3613
21381
9916
2307
2457
4905
5638
2401
3871
4853
8105
2176
4310
6331
7889
2141
3519
4300
2272
2448
4338
2226
3847
3423
3069
7006
20577
3185
2171
2074
2915
5922
4023
3587
2202
12605
12010
10961
2442
2331
2399
8956
11476
6603
3293
17715
8057
3894
6968
3019
7674
5194
7018
2963
4285
3042
5902
3484
4077
2226
3696
14634
2437
13752
3017
3427
3246
2262
3413
2591
2245
15070
8183
6979
4729
15655
4278
2965
-6263
2261
2505
2381
9299
15588
7149
11361
2716
5310
21688
6496
2291
5225
2834
2205
2415
2471
3704
-28443
3270
3252
8613
3276
2643
4880
3216
2290
3097
3514
2363
4689
6997
2892
2051
5609
2919
2052
2147
5323
2858
2642
2541
3595
15866
2765
5965
8782
3133
5608
3536
2288
4737
3303
2640
2863
4172
26105
18906
2764
5877
10164
32071
7069
7818
6126
2668
12663
2401
5725
2146
5535
15814
2388
2343
3376
7200
19119
3107
2334
7056
2269
2050
3857
17811
2314
5380
9668
7079
2423
2933
2618
3329
2787
4027
17930
2613
10794
4993
5012
18839
3145
2155
9121
2570
3313
10912
3912
6296
4595
9021
17212
4545
2394
2328
2536
3454
-28443
5576
3121
3980
2102
2994
2055
3605
2112
6006
3119
2073
8039
14222
-24954
7418
2192
6475
9441
2326
2052
5017
6600
4511
3114
6424
10677
3162
24396
2409
2715
2049
3648
2539
4511
4913
9782
2353
3120
5152
2403
2289
5312
2210
2684
2831
3355
14615
5095
-26373
4297
21498
2515
2503
5180
3765
11931
4859
8038
4988
3977
2240
2742
2132
2130
2292
2438
2251
3498
3041
3771
2456
2537
2173
2901
24946
2475
3572
10547
10005
2889
2409
4292
7054
2183
2600
2200
2676
3070
3667
2377
2274
3401
15716
14161
2882
5369
-18924
5915
2344
14253
5615
3079
2940
2199
4580
3116
26542
6670
2146
2126
2156
2287
3735
9373
2209
3092
2847
2068
2460
2866
2257
5572
10743
2183
7988
2066
13764
4954
5950
2936
3877
2225
2968
3862
7227
9154
2120
2455
5467
2379
7888
3597
3523
2365
2536
-14757
6010
6626
4510
5015
2883
14606
4225
2616
3230
6776
2942
4362
6184
10079
2588
7164
2949
2228
2539
2308
2374
3864
6726
23442
13305
18093
2324
-28527
3845
4415
2467
15171
6859
2441
11494
2372
3783
18284
6961
2469
3831
3979
2686
2384
2368
2917
3174
2105
2301
3155
4768
8411
10103
3943
2901
2055
4069
8116
5325
24418
2476
13208
3272
5861
25760
2342
9291
-32522
15020
2273
18581
5840
5682
2510
2221
4033
15796
3027
3497
4387
7019
2397
4727
5377
7748
19755
13136
2385
9573
2568
2565
9327
2563
3068
2905
9441
16626
2827
18215
2406
2181
3058
2101
2310
2215
4854
3640
2962
2079
5606
6709
5457
2867
2261
4648
6055
8164
3680
4355
5798
4166
2054
2714
5179
2423
8333
18067
4220
2118
7318
3007
2527
2655
3359
5705
5454
10416
2177
24455
25820
5495
2065
2247
3452
30662
5757
2225
2895
5960
6740
4432
2612
2738
13581
2359
2133
2123
4309
3490
25544
2962
7441
4387
3547
3783
6634
4472
12288
27739
2746
12975
20780
2499
2241
3197
2858
2914
2791
16836
5682
6371
2833
2593
4837
2818
2267
2417
2152
5558
4859
13040
2910
22135
5498
3306
11810
2215
4128
-8162
2354
2844
2137
2928
2353
3075
-3967
9621
8887
2069
2278
2655
2312
3159
4407
4976
2587
9859
2196
8675
4004
11641
2206
4642
4443
30471
5249
6161
9492
2149
2072
4718
7795
7363
2071
2790
8248
3634
5638
2337
3504
3352
2554
4839
2430
13000
14578
9082
2657
-21743
4255
4534
2796
2593
2504
3373
4314
2567
2107
2816
12572
2265
6186
2726
4570
5365
13424
2631
12934
4744
6401
3229
3242
2444
2869
2609
-23367
2216
16416
3701
3618
2841
2765
8411
5043
24555
2418
5545
3679
6989
2543
14722
2078
2212
3658
2158
4248
2307
3697
4646
15726
12506
14413
2070
7384
3147
2056
3838
6664
2099
4335
21626
2671
6845
2495
-11801
4137
2469
3131
2230
5864
2405
3339
7997
2525
3322
15389
3214
18042
2313
3601
4741
2556
3861
28283
2908
6686
9722
6534
15109
2763
-15314
2098
5770
4601
3536
19821
4116
2214
2186
2594
-14261
11047
2227
2582
-24330
2501
2359
2276
3018
4821
2738
8007
3019
5199
7316
7187
2555
11648
6279
2729
3402
2612
2258
6681
16894
5312
2633
9212
2608
3524
8760
4876
6769
3510
2677
7638
2055
2944
2709
2968
5070
2891
-27916
7128
-30628
9391
9421
3124
2243
-12194
4839
4437
3586
4148
3451
2764
3932
6122
3184
2102
2846
5008
3071
5474
2122
2238
3993
4887
7245
8990
2537
2413
6781
9960
2485
4376
2182
11433
2245
5341
21311
3781
3492
2559
5573
15083
2622
9210
2541
2127
2886
4882
7498
18053
3862
2172
4773
8166
7385
11064
2283
12139
4618
2107
2378
11464
5375
4879
3061
-372
2377
3156
4049
3398
2543
4082
2809
6368
2257
2117
2154
3134
2852
2603
2234
18441
3535
2055
8745
10484
2485
4308
3424
5726
6526
3079
-30611
17863
2101
-28844
7259
2709
2791
5018
2397
2073
31146
2649
2832
9291
9275
5718
2102
9642
20165
2405
8104
5782
2741
3994
2237
3883
2259
2794
2214
4375
3319
3360
3593
13575
6708
9334
6161
8430
5773
3901
3139
16018
2554
3681
11719
16171
3772
2072
4884
24185
3026
12349
7479
2646
23254
14264
4991
3185
2235
2563
2225
6945
4362
7648
8561
2120
2211
3514
3836
-21767
2840
2656
3446
18021
3036
5828
4174
2670
2971
6757
11162
24050
3106
7350
3049
19017
5088
5197
7412
4555
8631
4516
2594
2468
4524
5393
21177
2801
2237
3062
7425
2836
2139
4578
2659
6538
-24777
6386
2060
2460
8188
2892
2063
2110
3017
4679
5590
9860
3796
2373
4349
3664
5315
5548
2614
2057
2926
14841
4224
9270
2885
2712
2051
3275
3121
3196
2308
5381
2164
2500
4517
4984
2201
2207
2877
2195
2101
3945
4536
22819
2848
2414
4120
2448
2163
7688
2693
11897
19877
2230
4999
4434
2184
2352
-22261
-16787
2793
12808
2838
2399
8509
8151
3242
2213
7473
2272
4467
3782
6908
4356
32270
2210
7280
7689
2075
4390
2125
4036
5255
14267
4910
4153
3853
10244
16213
2635
2593
3147
2403
2508
5395
2963
8230
2263
2615
2099
4977
25381
2616
6602
8956
2931
3008
2446
2078
18022
4116
2396
4084
6723
2924
2682
3927
2066
3112
11980
3505
21606
3194
3875
2392
13259
2565
2978
3030
5843
4139
4737
2275
2152
2100
5104
3038
2848
4791
6238
6564
11018
2535
2078
18239
2812
10330
4314
2063
8129
2215
19159
4378
4138
5482
2155
5580
6410
3053
8589
31309
3229
3247
5073
2320
2215
2516
2730
3910
2873
2223
16957
2185
2872
9258
-30513
2135
3964
5717
7696
4366
3934
4200
3223
4883
3666
8268
14965
2761
3131
3571
8734
2841
2423
2389
2793
6228
23141
2797
4392
5912
2320
3361
6319
2223
-13058
4436
4695
15017
2397
3818
4310
3768
3518
20653
4775
7738
9230
2129
-29583
5573
3695
2346
2624
2273
3209
11194
2532
6800
2501
2865
2183
3149
2482
2153
8715
6787
8519
6453
4019
16077
3381
6571
4581
8340
3917
2533
6858
-11630
2636
11647
2097
3831
2088
3297
6021
2430
3561
-17264
3182
4863
-29889
2389
10235
3536
4863
2104
2052
5511
8779
2277
2273
7350
2169
6334
5600
14760
-17210
3890
3483
24437
2244
14075
3005
10757
3069
2902
3641
6769
6502
2276
5579
4809
7053
2068
2335
2129
14588
3782
9733
3242
5724
5811
4176
7489
6325
3749
10879
6314
2265
3881
9986
2144
2457
2973
3221
4040
6503
4787
2212
26486
4952
2563
2619
2276
2337
4235
4278
6299
3908
13182
2089
10086
2309
14483
-30093
2255
3444
4356
22293
6605
2646
17524
3231
4966
2771
2332
8963
2332
3158
4172
2432
2433
3286
4416
7150
2194
8267
2102
2075
9949
3258
11832
3069
5056
2194
6444
20483
2129
15916
3481
2424
-21998
2674
2605
2125
3718
5434
3826
7677
2491
2084
6144
7517
2773
7453
5163
3672
18604
3337
3839
25464
3739
27624
3093
2895
2436
3343
5779
2646
8863
2859
2757
4620
3047
2405
2493
2308
2423
4292
3349
5329
3103
6165
5730
6608
3608
13341
12186
3006
2081
15460
11296
2890
2389
3268
3349
10245
2621
2892
27955
2661
6387
3539
2161
6309
12356
2569
2256
7054
3509
7119
7280
2789
2089
4885
6470
3337
3264
4088
2533
2718
2691
3836
2610
4458
15961
17062
2107
3056
2463
2157
-7646
-23633
3363
5249
8165
25523
4461
2317
2517
10714
4299
3232
5472
-26927
2937
14126
4815
2190
4337
4586
2383
3666
7385
12735
2286
19316
2521
2061
8029
8117
3032
17015
2204
5356
3063
12152
2331
9044
3974
-9149
23223
2875
6102
4094
9688
3258
4946
10196
2541
3677
7498
11101
7803
3220
2688
22904
10808
2441
3947
15729
2521
2577
2408
-18734
10308
12379
4772
17465
6142
5006
5115
4542
2062
6158
6214
2244
2279
2419
2555
6955
9532
7834
10884
2446
2337
5391
5519
2493
4342
2446
5177
2658
20390
5065
3281
4832
2507
4173
2056
9841
3707
10628
11041
3367
4262
-2195
3033
7031
11988
7225
10110
2508
2176
17335
3655
2665
18439
2410
8123
2184
3080
13855
3773
2521
9830
2771
3683
27257
-28528
4983
10411
24462
4437
4522
2143
2238
2432
2390
17591
-27033
22548
13303
2473
6008
11212
5402
5510
6279
2644
5926
2313
2264
4381
2191
5720
2891
16201
2114
4066
7998
4362
3293
6493
7023
2815
-19412
5755
26096
5917
7930
2175
4519
12554
4236
7156
11054
3555
4747
3359
6360
3708
9346
3232
9273
2820
6533
2941
2477
14752
2439
6286
2622
4264
2524
2461
-15179
7243
4465
2706
4699
3610
3521
2985
3743
5231
6947
4311
3017
8618
2388
2418
3771
3810
12255
3992
5424
3167
3966
4262
8429
2419
2158
6518
7093
2225
4546
-31280
-30983
3097
3346
14220
7922
5956
3456
2715
2260
5286
5341
2706
-32065
2466
2249
5555
5384
2166
2250
3109
5801
-29241
17344
4960
3163
11371
29143
2055
7001
-30143
8230
7084
4419
3496
2878
7870
4094
2492
4340
-26839
12704
23121
-31104
2056
7823
5213
3192
11552
3487
2412
2209
4042
12114
4051
4698
2404
3158
16016
4269
4342
3996
2139
9688
6619
10736
3713
13913
6824
5653
2233
4567
2076
4038
13001
11085
3291
3708
2160
28251
4023
-21839
2911
4552
2508
2181
4865
3037
3468
2738
2060
3409
-28957
2346
27224
2923
2449
-20998
4011
2448
-26327
4947
4179
2724
11965
3428
2439
2300
7523
6250
2212
26776
2503
2053
4362
2282
3648
5852
2481
3665
2377
2197
2599
4514
12106
-25091
2099
4062
4176
21584
5397
2530
2614
7096
2431
3430
2678
3014
2544
10853
3286
2266
2234
2844
2946
21478
3214
-27187
4582
3280
2953
2433
3457
-23500
3118
3996
3056
2178
2937
4013
4222
4083
2985
4350
2345
-31895
6671
15255
8535
2257
10195
5688
2961
2993
2810
3157
6474
5399
2597
21317
17095
8524
10123
2290
4445
5040
12076
3995
5542
10935
14063
6827
3925
2526
3247
5155
2532
2853
24340
3063
2371
2374
9529
2318
3736
6499
17185
11301
3480
6355
3374
7068
2199
-31305
2931
3530
8832
2271
6065
7202
2251
3427
6051
3472
2135
4532
4539
3689
20897
3595
2666
2072
18259
4638
4494
-15593
4733
8961
7554
2943
5207
8164
24706
10393
4744
2330
5178
2163
2269
23183
3938
2303
16597
3246
3302
2447
2663
6025
2115
3083
3034
4769
5644
7759
2138
2660
3778
4289
9554
2990
6503
4347
2761
4487
2931
3505
2649
2451
3120
3851
3292
-24880
4728
18083
6764
4938
3168
3363
5595
3038
3740
10677
7409
2143
3977
4918
2903
6019
2592
2875
2977
2519
6530
2486
2244
5291
3323
2250
7303
2137
4902
2684
2453
3064
3327
2839
3313
3220
4269
4889
4013
3276
5433
21613
3236
2382
2413
11356
6984
2127
3220
6130
9627
6469
2847
3264
12478
5399
5961
4115
11205
5289
8258
2920
8081
-8416
9879
2331
21065
2225
2256
2428
2114
4418
4234
8477
3348
10160
3314
3050
2063
6500
8739
7255
21698
6655
3917
3717
2274
14129
2117
10407
4883
2478
2720
23966
3916
7342
2335
3715
2274
13001
2965
2790
2908
8624
2131
4081
8929
2960
2815
2080
14579
2472
2770
4158
2274
7048
6333
2741
9190
4773
2108
2166
2509
3679
3950
2339
6286
4380
4461
2436
2354
2111
2305
5210
3473
3376
4218
2070
7357
30875
29111
13790
2206
8221
6158
-15132
11307
2420
2692
5506
2586
26028
7582
13279
5716
8760
3865
13684
2725
3771
9071
4397
2719
3769
3476
10020
4283
2805
10440
2342
12709
28258
3095
3266
2554
4671
6651
3778
2205
16424
4752
3429
19531
4177
6700
2765
2258
10712
2102
3173
3590
9668
3502
2272
4433
3131
2694
6673
12222
13355
5940
5738
3840
3550
3964
8046
2695
2334
7389
10624
8293
10243
4359
2387
4323
9675
3501
3658
4465
2834
2274
6458
5429
2274
3965
2620
9199
8488
6801
5041
5415
19572
4060
12337
3824
6763
3609
13304
3104
2357
7145
2594
5430
3116
23341
2672
2510
2101
11891
3156
4512
2770
5566
12662
2143
6545
2389
3325
3269
2225
2324
2058
3627
2695
-16446
5411
2114
2307
9630
2129
3495
2649
28077
4068
2213
23144
2744
3591
14753
-28747
9820
4643
5281
3068
15637
3033
30905
2740
3045
8005
2832
2245
2171
2620
3128
2958
5799
2802
2405
-31588
2513
2552
2832
5155
2573
3284
7454
2325
2159
4332
2243
5712
6170
10284
2914
2189
7184
4293
3516
-21619
2208
16350
4682
2324
12057
3414
2270
4657
22972
4385
5359
2213
2734
5623
22784
9298
22212
8943
-27032
13954
2137
32384
4880
2244
3203
2561
6404
2582
5561
3666
3125
4879
23677
12780
-30334
15875
6554
3186
4415
3252
4338
2673
2775
4666
2960
8598
2569
13751
3714
2779
19221
2071
2086
-20094
10946
26285
30594
9007
3552
2161
5018
28604
3747
4259
11804
16726
2895
3735
2324
3536
3879
4128
2283
11985
10373
6648
4031
5220
20435
31065
4443
2501
2106
2060
10234
2149
11692
2977
2670
3516
5568
23202
2174
2984
6926
3277
13649
15686
2295
2255
6495
3650
4253
2847
4059
2641
4502
6101
8539
5923
2693
3951
4744
14358
2288
2083
9201
4732
3167
23220
5166
9981
18355
3755
2136
-1362
7498
3068
4148
2423
2446
2907
3893
2407
3571
4321
4196
2906
8697
2760
8063
3308
5880
2365
3363
4454
2924
6150
2720
6820
7052
5458
2464
2237
11324
3438
5310
3328
2576
5431
4333
2673
16412
2608
19516
5674
-12974
6158
2343
4092
4883
4062
9139
4271
7763
2315
4062
4862
8616
4993
15540
2512
2654
3712
9693
8669
3221
5816
2463
2150
2691
2145
3141
3762
2117
-5874
3616
3618
2152
3071
3736
8006
5185
3220
9428
2391
3511
4251
3906
2887
8812
2261
3664
14541
3769
8951
2744
4558
2130
7103
3191
3524
-4173
3849
-8202
8681
3280
2840
2745
10046
2819
6816
8953
2796
2632
2654
3798
3786
3684
2286
30721
6019
4358
10238
8374
24638
4697
2436
3895
2593
3053
4731
9890
10941
4082
10886
7473
5664
3247
4357
9368
4129
3024
2361
2132
4186
2211
9616
26997
3559
9657
2780
2127
2305
2646
2735
7708
2747
2748
3944
7771
26896
12910
3677
3663
2855
4280
3893
23740
4017
4022
3885
2238
2467
7579
25528
4534
2852
6937
5325
2758
2505
2696
5309
3916
3218
2203
3181
-2727
5946
3654
2306
-17878
7420
2868
2222
6716
2811
10336
2697
2545
3122
6180
10460
2872
7255
6521
3253
8454
3167
2595
2335
6945
4505
13476
3123
5224
2496
11315
4918
3222
3557
12470
4671
2561
6515
4407
2440
3689
5098
26701
4382
19404
14530
5128
2207
3540
7937
7228
23067
3275
7108
2598
6688
2710
6623
3786
2932
13823
2397
8282
2157
2818
4111
9225
2647
2122
3282
2149
3519
2123
14088
2483
4363
2508
2938
4998
6937
3086
2067
9640
13613
3200
31861
4524
13854
11953
8721
6510
2831
2744
3261
9333
2179
14977
7819
2135
4850
2058
3492
2314
5430
2351
4709
5615
12240
6938
5311
21088
3300
3068
3225
2658
3568
14346
2950
11147
5722
3104
11930
4259
5811
3222
18009
21688
2959
3562
2760
2646
2958
3243
20777
7814
11413
3082
7633
9918
4288
4863
4215
8598
4383
2380
3438
22983
6903
27848
3335
23328
2380
3763
2072
4856
3905
5995
2517
2503
4465
4462
3314
7479
10414
2953
2973
-19202
2374
-13934
3514
2166
2053
2770
-17013
2192
2208
3029
4484
4351
-18831
2120
15652
2701
5904
22196
3596
3388
2055
2886
3466
6004
-15736
2082
2168
10884
5362
3607
2054
6992
2732
-16528
2633
2209
10923
3438
3095
2728
2554
3371
-14589
3431
3358
5052
-31699
2207
3930
4701
3811
3150
5910
2906
8006
5215
5358
2521
2050
3905
5546
3038
6247
4529
3068
4661
2166
4976
7940
22874
10245
3262
3022
5122
3636
7357
13731
5395
2651
9573
2108
18694
3147
3223
17477
2688
9158
7061
-22008
3829
2167
5985
2094
14999
16285
12658
3805
2959
2841
2356
3492
2714
13004
-908
3302
12362
3258
3048
24846
3930
3151
2062
3032
2101
3275
3948
8545
4887
3988
8738
5764
2446
11440
22790
6090
2457
4357
8597
14772
2137
2823
5381
6079
-21399
4810
4362
4909
3157
5802
23530
14584
2405
3095
25421
3067
4424
3545
6638
7629
4269
2241
3704
3624
4768
2417
2491
2602
11364
7272
3274
2191
2444
2949
3311
3617
4187
4144
9082
9793
4124
2667
7154
3842
5924
2142
7968
4318
2754
5095
-32325
3117
4286
6151
4730
15863
2153
3371
2817
7583
3393
5816
3003
2174
14832
2965
2272
2578
2578
2689
4282
3917
2294
4736
2663
2416
3279
4012
13544
2180
2406
12286
2524
11891
7641
5558
12581
19204
4920
2174
4399
19864
4223
3481
6673
13270
2757
2186
5575
4274
3011
5608
4462
4746
11797
5187
11814
3069
16448
13951
2416
2050
9140
4544
4177
2453
2764
5544
5013
2762
5039
13857
6401
2979
4951
3685
2623
2745
3613
3069
2845
2770
2507
8085
9636
3135
3474
2586
2093
2995
2617
5694
5823
4124
2577
4949
18764
-12863
32097
2295
2298
2770
2146
3564
2828
13319
22080
2564
3969
8714
-25751
4583
2674
8657
2142
2690
10265
5236
3780
7156
4396
3027
5415
2663
2436
2698
4628
2607
6348
-4946
3490
8504
2995
5622
12877
2913
3996
4995
4062
3509
2617
3714
2824
12015
2103
31177
2853
3258
4363
4710
8647
4054
2912
2866
2739
2708
3259
3436
2487
-14852
22845
2835
7239
7415
3099
5435
6302
9584
3948
2364
4006
3432
14976
2505
2536
2977
11123
24883
3462
14872
10470
2270
20769
3122
18997
2070
17693
4112
2452
3794
2658
6173
3044
8243
3066
3081
2916
12154
3891
8551
2594
2539
5004
2257
5626
2957
8137
8937
4860
2870
3568
16440
3346
4233
3566
2101
5542
2787
2424
5346
2328
4799
2669
6274
3645
-23231
7543
3708
-21474
4100
5350
3360
5203
-24492
2774
2183
2298
7276
12634
3149
8092
30029
2988
7528
5203
3062
5462
-19187
4370
5665
2653
2863
3618
4952
3306
9383
12321
2730
12107
10123
2062
2321
15370
10908
2579
6289
2456
4272
3224
2667
2698
4576
2882
4220
17614
3669
5045
7867
2378
4880
29103
10760
5238
3721
2176
5275
3414
12303
2706
11160
2145
6047
18112
8322
3704
4384
20203
-19187
12625
2681
4753
-21543
5738
3991
7407
11788
2830
2767
2399
4434
19051
2465
6159
13272
2997
-13720
2473
2529
2409
4831
2505
2757
3540
24356
2670
2166
16537
2073
2369
2815
26704
4341
2857
2074
3522
3907
2754
2994
9851
2434
21217
11342
2288
3388
8319
17244
3315
31295
4444
5833
2436
3277
26413
31720
4573
6364
7475
23120
3358
5986
3997
6390
5295
22955
7359
14376
2210
4587
3990
6369
2932
5726
3983
2943
6352
4837
12536
2152
5303
2195
3997
3807
12585
2356
5008
3211
4378
15119
2546
11428
2365
2646
9407
6287
4518
5125
2751
-20594
2301
3533
4458
4822
23353
2699
-25937
5837
6034
4684
4120
9596
4243
4338
3026
3855
2148
8909
6419
2991
6298
2183
4023
4889
2108
13052
21535
-20295
7848
17051
8219
2710
2638
2350
2737
8636
7745
10237
4791
2068
6391
2993
2233
3820
6698
3675
-28982
2569
2402
14696
2397
19992
2209
3030
2451
15113
2476
7529
3250
8182
-19884
8158
2864
7569
7693
4887
27769
3006
3023
2855
3171
5339
2203
3515
2299
3112
10670
15393
13898
6813
3186
7778
2631
2281
3442
2157
3674
3898
3118
2820
23792
3029
5106
13175
3633
2466
4555
6113
5414
2093
3582
4577
2412
3225
11062
2715
2836
18416
2596
3955
2376
2471
17362
3103
2430
3789
10994
2934
6680
3397
4019
5860
2862
3296
11638
2374
2174
4154
6633
12213
9051
2095
6443
16589
5721
2899
2608
10562
2818
5210
-19185
13673
7232
16485
4259
3444
13864
4022
2691
3799
2802
3418
2102
3206
6035
28465
2876
13746
6563
2219
2353
2158
2330
2095
5896
2082
4966
5064
5741
2593
2629
4216
2225
8841
15787
2610
3929
3081
8014
2848
2518
4880
2523
19879
3012
3500
3569
5099
3038
15629
6616
4448
4887
2969
3151
8214
2645
-26357
2551
2076
2387
7611
3881
5511
2486
6821
3508
2083
32203
12124
2113
4603
2581
2131
3102
3900
25317
3001
10564
16692
9955
17423
2565
7125
19913
2416
8023
4771
3350
4157
7223
9067
25928
5390
4681
11948
2367
3287
3354
9065
2285
2674
4319
2518
4301
3055
8672
3676
4098
3082
8878
3151
2290
4238
6336
5856
12331
2065
2632
8415
2543
3216
2238
-941
4265
3517
2478
2221
5872
11082
3914
2176
2974
2167
-16170
14678
2080
4019
12843
6586
26968
3827
3400
3763
2555
2745
2643
9285
3203
8797
2644
2677
7804
3331
4936
2194
2339
3979
10932
3489
4838
2133
6753
2372
13469
5917
7579
12323
2887
2827
2598
5076
2669
2774
2765
11483
2536
19978
17021
3296
2057
2208
6185
2319
7164
3800
2250
8012
3187
3854
25773
2262
14530
14697
3390
3470
2258
7080
4639
6159
3124
7135
4316
3258
6024
2364
3915
2338
6619
3418
3598
3799
10271
3284
4768
-900
7182
2474
5460
2130
2672
2319
-23593
15673
5580
2550
5563
4054
3278
2521
4671
20523
21526
3465
3389
2254
2087
2945
2851
2322
9883
2174
3054
10022
19749
5486
4515
5587
6457
2714
30361
3938
2321
3132
7072
2262
2207
4589
2082
2968
4773
2802
4539
5120
2619
7804
3154
8843
4607
5062
16415
29111
2305
5332
4394
4222
3546
2091
-17820
2543
4502
6293
13809
19136
2441
3021
4112
2253
2505
14148
-8414
7152
3585
24055
11788
2812
12248
2544
9314
19846
2153
2534
4044
-24612
4033
4580
6251
10727
2454
2227
-17100
2942
6488
3262
7258
3461
2124
2531
2508
4558
2138
3397
2151
3805
4978
3049
2402
7807
2672
14284
4045
3808
3087
2050
4309
10296
3484
2983
4497
12912
2267
3825
2867
2578
5562
11161
2580
-15712
10475
2215
5512
2345
-32481
7337
9738
3898
2756
2925
3142
19068
9058
2383
7292
4597
4283
6146
7573
8945
4901
2593
2615
3356
2771
3429
7188
25212
3807
3366
2082
2483
2126
16214
2692
2921
7800
-32640
6965
4592
5645
3835
2435
2471
5274
2116
2692
3466
7505
11072
4305
3230
2213
2360
3337
2084
4856
2140
4275
3438
6605
6045
8165
2092
2129
2384
3857
6832
11987
3387
27834
2330
8016
26075
2229
2086
3389
6824
2095
2171
18605
2538
6983
6010
5690
2558
17010
3684
3695
2316
2120
3289
2443
18861
13653
4658
5364
6717
2277
9358
3382
3975
16528
2394
4484
9792
5197
2547
2569
22669
15340
8624
5310
4573
2333
4536
2075
2345
3127
2414
9719
2226
5622
4726
14209
10677
2235
2570
5775
4621
4649
10230
8976
2058
4617
9417
2313
5450
3438
2074
5146
3970
4188
3244
4882
3499
4470
2880
3415
2912
2351
7728
4537
5573
26513
3120
2479
23907
7124
2317
11397
3592
5955
4090
10152
2080
2685
6222
4409
3268
3898
2824
2910
6943
5935
4660
5935
-25264
5302
8649
2433
4978
30557
3523
2125
2323
3501
3025
13987
27606
3227
2862
2540
8097
3651
4129
13003
6357
5025
2398
3283
2234
2642
2773
2049
2361
3842
7926
3211
14663
6437
19532
3010
2489
3579
2187
8229
2254
2053
3692
4031
2132
3849
14535
14399
3307
3771
3274
3370
2668
2142
3686
6417
4118
4956
2461
4802
4352
2102
2931
20333
2621
5285
5171
2347
7017
2807
2095
8283
2308
4319
7565
6301
32266
2355
2358
3373
6855
4914
6389
2854
2890
3163
-11251
3634
9706
5760
-28436
4160
11352
2852
20231
13143
5435
4213
2204
5222
15745
-19970
6736
7375
2153
2579
6980
4672
2243
2414
2561
2177
3229
6771
3703
4841
5166
6194
4088
11319
6192
3853
2898
2962
3945
3580
4640
3094
19594
2629
20294
26520
2088
4250
7877
2371
5732
2463
3127
4388
2156
2785
2346
7380
6551
8322
4040
2199
23881
2281
3052
2642
2570
2705
7544
6716
2173
2183
-20180
9988
3507
3013
2946
9233
-14762
11520
2336
8673
2993
2626
24196
2537
9364
2855
3551
3774
2590
4152
3988
19794
3778
15348
2217
2102
10713
2366
2302
5579
8642
5128
3180
3955
25806
3159
4242
20722
3444
6072
7082
2612
3427
2862
2167
22865
3040
2107
2370
3037
2374
-29737
2615
10540
3822
-29346
2320
2956
3654
2754
2082
2613
2119
2916
11942
6946
2889
5753
6250
2149
5425
2146
7011
13242
2837
5709
2773
21240
2320
2849
2555
3871
2340
2857
2053
4273
9133
8060
2549
7821
3033
8930
2860
2449
4607
4846
3176
3997
2761
5676
20091
10025
4662
4870
2197
28991
3422
3519
2560
2127
2463
2463
3686
2082
2561
3923
2148
2089
6245
9034
2491
2947
25487
3357
3006
2923
2985
2558
9512
2821
3926
7703
2145
6805
3215
2165
3145
2602
6408
2807
9606
2904
23427
4243
14257
18794
2835
2739
-4491
2111
14303
2981
9783
2341
8289
4629
16247
4121
2766
2663
5930
4242
2537
3758
2214
2879
9336
3618
6125
7685
2204
4240
5515
3603
2426
-24605
4925
3218
3326
4892
2411
28074
3275
24599
16313
-5226
2753
3771
2160
2125
6566
11678
28175
2681
10067
7602
4015
9680
4216
7949
10221
-28391
5618
3234
4718
2715
-22244
3728
2448
4043
2075
2222
15238
2108
3821
3222
2307
7596
7392
-25148
6016
2140
7291
4066
3636
4735
25989
3950
2392
2633
2237
5097
15174
7663
2614
22014
6894
2263
3942
2059
2245
2050
2721
6660
3070
3492
29919
2997
5907
13211
2539
6401
5253
2562
3577
6540
2595
4668
2369
12234
4077
2799
5067
2127
2588
5884
3523
2071
2226
-9025
17866
3750
-19860
4297
2174
3650
12750
4568
2247
6636
6482
2969
4031
2753
9643
-25803
19941
2061
3336
16221
3641
2105
4385
4506
3159
4228
3765
-4065
4201
4619
6089
32765
2748
10982
8559
3636
15022
2742
10706
2392
3891
2073
19916
2111
2974
4600
4307
7001
7006
5649
3143
14465
24239
7305
2263
8444
4050
12858
2403
27002
-20777
2600
2120
3021
2569
2449
3693
4671
4822
2465
3731
3215
4962
3002
2673
2333
3173
5638
2344
-27493
2142
-28114
5719
3540
25895
5149
21335
3536
13579
8867
3179
7420
4916
4253
13036
7912
3853
8324
2654
7105
2456
15337
2967
2925
-26647
14520
6787
2566
15252
4162
2583
3248
4231
3079
3288
2927
3369
7211
4584
2469
3361
2290
5405
9135
3041
8857
2189
2552
6669
2099
3932
9020
3381
4192
3791
2600
9296
4018
2251
6360
3856
2422
2261
8284
4036
4633
7728
5102
3574
2528
6452
2242
19470
6425
5629
4279
2070
2803
3237
14577
7177
2072
6634
10438
-5893
10444
4218
2542
3258
4010
2742
2643
7229
6928
5396
2500
13103
8771
3240
3428
2524
3695
2390
2213
2492
6171
4398
4047
8238
2568
5585
5433
7537
5841
10197
5540
2443
2349
3122
18180
5915
3954
-10124
2967
13122
3017
10948
10851
16362
4376
4058
2780
3272
13597
6510
4721
16484
2616
3137
2060
4025
2418
4792
4793
4983
4334
5048
2194
8862
2782
3875
5038
2259
2812
6619
2085
5860
3846
2242
2763
3878
2078
3867
2458
-20982
8533
4606
2454
5945
7363
14648
3052
4847
3281
-1731
2857
2431
2085
2723
2418
7925
3826
2619
2187
2689
2786
2443
3540
2368
2464
2632
3692
4615
10156
2083
3692
3035
8931
4032
13671
11547
4254
6957
4639
2454
-31792
3213
8902
3913
4201
5966
3203
15986
-24297
8221
13047
2773
5697
2508
5623
24676
11027
7564
14654
3883
5910
8260
2120
2503
13796
3082
2875
3128
3033
3511
2379
3679
3517
20707
2806
6097
5002
2054
4057
5999
3359
6159
6053
8753
3315
11643
5071
2708
2318
7826
2430
19174
14015
4450
32523
3382
5477
15016
-32573
3231
3647
2091
3980
2441
2448
2479
2482
4217
13340
10173
12910
2178
2821
2312
2591
2640
6021
4920
6793
6358
5038
3970
9844
4654
3713
2321
6860
2838
7592
4867
3715
4564
2099
4054
3014
13556
10438
12307
2475
2974
2237
2969
10360
2263
2661
12424
2906
5288
2859
3450
2195
2303
2226
7727
-477
4787
5469
3053
2055
11015
3324
4268
2628
3204
2709
5905
3891
23926
4278
7644
4769
24606
4529
4937
-23567
3020
3803
7095
26424
6956
2486
4743
2315
2586
3459
8558
14776
2643
9321
6941
10742
3112
4092
-15411
9562
-29409
3194
7188
2441
2273
2082
5081
2592
15627
2467
5826
17658
10744
9607
5635
6123
4530
3579
6178
2287
10659
3157
2222
2062
11949
11223
3510
3749
2395
6633
4622
5637
3331
7020
3843
15545
2397
2290
-25067
14929
5621
2116
3711
3936
4103
9486
3559
10710
9396
7771
2529
2589
3286
12094
2671
7324
2851
2192
6243
7032
2049
3915
4329
9001
3021
2535
6291
14509
3567
2870
6619
3300
4100
4629
2882
3616
3195
8274
2064
4175
3372
3035
7079
4266
3445
2432
2479
12091
20477
2277
20697
5811
2057
4998
2182
4294
5566
7715
3020
2123
2364
4949
2873
2556
5539
3987
3271
4042
8558
2492
2530
2258
4241
8895
3665
7442
7191
12274
6196
10509
2083
3412
2318
3451
2379
4084
3883
4551
2112
3620
3875
8108
2453
-28647
4896
2152
19522
27036
7873
13196
3335
4883
8457
11390
2137
11571
6495
9543
19147
2292
2111
3582
16247
31527
2357
2599
11371
3461
2220
2645
3106
3219
9568
3745
-25277
3185
3846
3628
4595
17858
2061
6331
3944
-2053
17363
6180
24699
7905
6717
2648
3357
3581
2575
5697
2262
2783
5107
8998
29358
3402
3921
11426
4945
-3340
3498
3297
2492
7869
2541
11591
2090
13078
6076
2975
3765
3264
4729
2252
5593
5463
5344
4435
2521
6070
3289
7627
2110
2236
5375
4744
2449
8548
11622
13815
3661
8188
3395
2499
2283
2809
12291
2622
5858
2331
7796
10946
3615
4619
3418
3365
4603
5155
2682
3989
7131
6477
7287
2129
8448
-28688
4580
11285
-26456
19031
-23351
2965
13097
2768
2184
11306
2989
2860
3203
3204
3107
9647
6275
5053
24627
15712
2210
3492
3129
2074
7950
23542
12936
2794
2680
18211
3154
16431
2819
11479
-11217
3030
26556
2506
26997
2209
4948
24127
3731
2251
9933
4484
2167
3790
-28227
6377
2532
2472
8143
26183
4253
16972
2509
26776
2223
2117
19949
5606
2532
2915
12181
2571
5774
6806
27909
2104
4868
18137
2245
2197
2066
3909
-27986
22251
7472
5201
13591
2826
4729
3043
5031
4306
5200
3323
4435
3200
2920
3499
11415
8241
2526
3908
3615
3350
5930
3373
17953
4659
3672
4890
2252
4239
2833
3187
2251
10967
2454
3241
2248
2299
2370
