3
10
3
372
205
692
664
914
23
993
1
981
24
353
3761
1649
2036
3282
5
41
2024
3
371
25
10
1203
4087
777
79
56
686
346
23
79
89
1063
58
30
76
50
8
2659
763
39
31
210
106
26
22
6
328
2
1333
21
1568
4
5
3
26
112
9
3744
64
4
928
1
69
3
31
60
1849
5
948
3
875
1539
1749
1
1445
25
2190
1
73
16
43
434
2503
806
1264
22
1876
2625
849
10
3435
1232
628
3
95
808
3
46
30
9
35
338
293
4
1415
3827
69
1116
611
31
2983
64
423
70
4085
2951
10
1031
13
12
513
84
50
5
15
5
26
389
531
32
2
87
776
3
14
327
41
2060
28
32
402
1682
593
116
28
2152
65
87
4
2
349
128
2
238
82
3502
3184
214
115
6
4
551
3227
1314
2
189
483
2
62
1405
607
639
1802
308
38
387
13
40
320
49
284
1528
55
3283
249
2992
413
2
10
1004
3
515
185
735
2
2
2715
422
556
15
17
58
61
29
1690
6
5
39
96
355
2
310
2514
5
44
782
29
418
16
16
5
85
214
32
13
151
345
936
1606
295
343
238
30
685
377
997
121
10
150
91
9
3
3
6
260
388
373
32
84
5
28
435
19
99
2
367
15
181
233
5
25
1010
139
513
59
214
20
415
42
1245
3
2642
1278
36
169
2
4075
5
2016
367
34
2686
6
60
6
64
212
8
13
230
99
2439
2176
18
50
1977
9
3
3
350
2
2
3
147
3
3011
378
6
29
3
20
583
32
40
4
1017
276
168
8
130
553
8
10
2
3655
1074
4
251
13
363
2
1331
43
839
31
8
4
819
2
70
24
827
3651
1047
7
17
454
160
7
3102
2608
919
773
35
5
231
3354
14
70
71
70
8
24
2
1414
1336
420
12
5
257
90
60
780
2
43
150
1810
1009
10
1025
36
15
25
17
13
53
3
912
2
400
947
9
115
62
2176
2039
862
4
121
419
5
51
6
901
1175
4
3584
13
176
442
419
135
397
18
3
802
548
22
167
2
50
3
3
275
66
2195
876
3202
33
19
413
2916
4
1729
1169
1
5
1051
3978
4
3178
3787
296
355
4
1108
33
2
750
1
97
76
510
92
102
1
689
54
3
4
369
2
31
1269
2552
10
43
13
41
67
19
70
361
11
14
344
2
15
198
720
2300
7
522
280
322
3187
129
20
17
24
475
142
11
14
196
5
167
60
46
25
1566
10
103
3288
2089
1546
30
617
3
3
4
26
3542
250
2
628
12
42
2859
849
1486
4
15
11
3
144
7
171
8
402
378
1195
10
84
98
3
35
7
16
251
5
2935
3
4
35
7
3516
13
319
158
13
3020
70
2
3995
319
570
5
308
3
1008
649
2678
14
695
32
1651
472
5
4
374
104
5
9
50
306
2
905
22
914
72
2
13
21
551
21
283
640
36
2
94
3383
286
209
257
534
2388
3787
49
419
2
108
321
870
2026
1677
13
1434
5
8
2
3107
3
299
1027
109
663
62
8
6
12
8
135
146
7
1613
30
232
41
11
6
583
6
1660
2791
12
37
10
30
1239
146
269
41
146
36
321
3908
96
34
542
4062
2
20
3
2272
7
2
99
2580
226
847
58
1330
2
460
201
65
10
2
2
426
2
3166
77
2367
23
14
4
2
1046
274
345
2
513
19
13
1299
3871
302
88
104
134
431
3
2
302
2733
3158
6
2
2
3
220
820
4
13
8
2
3
21
17
4
984
169
23
69
1037
2695
2681
2662
13
55
3
3
38
2
166
1114
3
1177
3
2313
568
1971
90
3535
3983
25
10
2452
25
2
652
347
1666
12
150
20
8
2332
3513
703
6
1308
106
2855
11
2258
4
274
22
3
418
31
34
2778
4048
20
2210
81
31
72
247
572
28
26
17
422
524
3608
2
536
553
3
506
2
2178
163
16
3
31
10
461
1501
1781
16
2
2
743
181
219
19
393
503
93
37
2
608
6
103
542
20
3268
8
13
13
91
2121
3
5
125
9
33
826
3395
275
165
47
1009
5
13
3
158
1392
15
2
5
79
1675
209
375
395
3252
59
2084
32
3244
1689
4
758
2978
1739
458
1834
2195
392
265
211
552
10
2506
268
3
2794
3281
3082
2764
148
9
345
15
668
2
661
388
3
1268
6
1147
840
180
30
716
1
11
836
79
156
8
2
4
193
2114
716
1
2
5
46
61
602
64
5
67
8
3
4
5
795
13
3689
1126
68
2412
4
2428
32
48
28
10
2
3
5
6
6
6
1069
2
2003
662
9
10
2
5
9
2663
54
617
67
614
8
2
119
5
23
58
3608
706
19
103
167
29
2625
43
1021
60
963
10
42
137
2
1009
4
2419
61
38
448
3742
20
28
1916
31
15
171
761
2
35
66
584
3
36
5
8
2
3245
354
749
464
2
21
52
164
2318
390
83
31
97
4
21
1793
734
58
617
6
35
2337
2
140
1311
515
752
10
12
3634
2
5
15
3
1751
1654
1841
7
720
343
37
9
1770
644
9
66
10
57
5
23
416
99
2
38
509
46
959
1771
13
3301
4
58
375
822
2046
24
2
988
6
2
228
471
1813
19
7
131
34
2447
3482
1163
20
2
3546
3
1267
202
4
175
156
30
1403
410
13
173
16
2
1489
3
2565
67
87
21
54
123
364
3355
2
44
2
170
3482
36
6
2
30
9
3
14
4
3
2251
5
167
5
3538
2682
3
28
780
50
14
498
360
1469
912
2867
13
14
8
34
1369
104
1270
3058
3
3
143
26
277
55
6
2
209
1150
39
273
2357
26
3
76
3
168
2
112
300
117
420
11
2
31
3
933
26
929
84
384
22
47
5
77
57
6
2
75
12
5
226
336
19
47
1270
64
1602
176
5
1384
136
10
40
198
2
910
2
2
12
13
177
478
8
35
52
91
3
2
89
651
6
48
2
891
2304
6
2838
691
3533
124
14
207
3755
877
24
76
2
1761
1612
3
4
1160
3412
199
1799
154
1617
32
521
2307
28
143
1425
236
15
13
3
10
644
3212
3
8
109
3712
159
31
146
660
2
106
13
201
712
1867
283
22
2
29
737
2
63
239
300
12
4
184
9
3
230
705
91
119
264
243
8
776
980
6
80
36
3
58
16
7
183
7
2
220
54
7
1557
1033
1317
5
468
55
59
2
323
12
1027
2932
3
2894
3
5
3117
195
209
1159
895
1575
3810
4
5
12
820
2
13
43
18
1402
144
7
78
541
130
118
2
8
261
1863
338
173
1182
2580
170
681
3455
84
2
62
28
2
15
17
74
3
15
1251
271
1
11
2315
34
15
153
13
92
9
108
2
8
5
3
346
4
12
1
303
44
686
23
21
232
1170
660
190
4
34
258
1629
2582
3
611
38
6
457
3
140
2
171
36
1510
2
17
1036
847
87
2
136
1
12
769
15
1515
3757
1714
9
12
3861
4
33
25
2
1293
278
2267
33
2058
3313
2
148
100
75
376
2752
14
13
2
198
1462
2
2
364
212
35
54
225
411
9
471
9
2
43
1972
199
316
3
852
33
13
203
123
2
20
1
2
175
28
796
170
272
3589
9
2
160
413
66
55
296
5
1506
312
239
2
33
162
217
4
9
47
1313
3
625
211
9
1225
29
6
1
24
12
4
178
42
1903
84
36
193
90
25
752
1641
935
912
40
28
1136
2145
2548
1195
8
3
382
3
638
10
547
25
3324
102
7
193
75
47
899
887
1334
1657
42
1740
61
23
9
21
652
5
2
907
874
8
361
1
5
23
2
5
70
160
397
3
445
28
436
35
2
41
739
19
2
9
143
134
323
549
3
2
5
334
390
885
44
997
26
5
12
494
5
9
5
3096
1773
3
83
150
1501
474
2
649
4068
810
49
9
17
469
2388
181
3805
1129
4
2893
151
33
40
69
2
2
140
109
44
5
706
82
3936
47
2
29
58
18
6
2363
2564
419
1851
817
2
169
2374
333
1342
645
75
450
25
313
2418
1502
81
7
669
306
90
26
19
58
3
557
199
3982
1
12
20
227
370
2303
9
5
980
520
340
4
1242
8
462
367
45
1
3
4
14
3732
8
3
339
290
3
501
213
292
307
2681
2
25
1160
8
2
6
17
1583
96
1046
47
2
10
5
359
87
10
2
15
2
20
5
16
42
197
21
596
15
78
3
7
2
615
2
79
8
1722
4
171
22
50
16
101
15
586
40
4
8
8
12
36
187
62
39
22
3
3
117
83
22
1008
50
181
4
2
178
16
1583
3
836
38
12
508
599
229
3677
253
1116
12
141
6
415
245
406
353
5
468
1280
419
14
2
64
2
173
5
88
3
216
3
447
334
41
155
1127
15
1968
591
13
434
355
42
295
4
1171
9
9
2
5
4
21
1113
13
2227
373
13
3
9
20
932
1764
2332
32
4
16
33
743
2275
299
336
328
3508
50
2
20
13
1307
84
1
5
32
229
621
4
1459
363
1724
1059
128
293
2
124
3709
2618
120
42
66
54
188
49
3
5
248
1782
101
1649
19
4
542
45
2
14
21
34
14
3652
2017
66
50
3
29
3765
288
32
3
1094
1363
224
51
5
383
1325
99
153
241
131
229
2
122
33
745
2697
21
2051
13
570
3404
2850
216
1911
159
1193
2
2
2
31
23
834
559
2
325
3405
25
340
174
238
750
5
3329
117
1869
3771
1706
35
2
2
44
43
2
18
1108
26
5
2358
3
2869
198
5
2496
1468
26
38
7
15
358
51
4066
7
3808
166
28
9
566
15
2282
1
7
560
38
9
74
683
4
4
4
2
62
31
280
751
116
215
2759
2
131
1687
113
1122
76
495
2843
21
2
46
1
876
51
74
3693
19
56
18
13
2731
7
82
107
76
2
3623
3
4
5
4
2544
13
2
26
121
3
2
13
108
7
5
3
441
489
3486
3
2
3017
3
2986
55
1134
9
913
1153
5
124
22
964
2646
917
62
2
1997
8
402
2969
1
22
30
2646
7
13
105
18
34
49
33
627
1004
716
207
44
14
105
107
158
2084
873
5
1163
531
338
23
226
1
13
5
6
3717
660
2039
12
1152
583
2
19
5
33
120
258
1
43
13
55
1470
50
7
688
101
19
341
200
15
1942
46
167
57
3857
85
107
28
590
64
106
576
1571
738
428
4
103
10
2096
121
1017
3436
35
12
6
523
1388
3
1436
35
1244
3
2
5
3859
57
4019
19
1
1814
2
5
1213
137
171
22
332
873
2
1456
3
25
214
41
18
5
5
31
4
756
97
3
29
51
30
8
764
2
1779
5
2491
2
57
4
452
5
121
4
675
87
804
2030
690
251
1226
5
1316
3124
146
17
114
3
344
57
62
1719
4
13
908
33
648
3
8
76
126
5
3190
18
4
68
761
186
385
2
148
16
53
73
2169
40
20
2
1111
69
46
5
31
456
1160
26
9
5
3
3474
2758
953
10
87
7
2
975
189
9
550
14
76
259
1075
8
7
2743
195
360
33
14
56
2
2194
4
47
12
13
252
953
21
2670
226
4
369
53
2302
2
9
5
5
5
8
520
15
2911
3770
3
5
2
1
6
159
215
2365
979
2
260
408
13
125
406
219
1
319
35
55
3
459
32
247
4
22
106
1
2
29
3
1680
3554
21
6
2
37
1681
2445
301
2
2
1631
2556
42
5
9
93
16
3
1881
213
8
91
1253
2503
4
6
119
837
224
41
4
4
3433
77
19
2
384
34
78
355
273
5
22
52
74
3409
3540
597
2606
20
483
685
3139
334
3
337
315
2
9
273
2
24
3
28
1069
3
1026
2
88
2
31
387
2
14
2251
210
166
426
1368
12
685
412
8
28
12
2
11
104
38
96
42
100
83
3
457
4
3798
332
733
2902
6
322
8
4048
3
21
33
28
968
2401
1563
1
10
9
532
23
2825
331
226
136
4
21
3
5
2792
365
1
3964
1380
1
51
1282
27
316
101
12
2639
13
1
350
491
121
32
198
27
2
47
371
65
2
233
15
79
2033
53
994
157
15
2857
3484
47
18
30
46
219
794
534
2
315
95
9
9
2
136
336
40
29
101
31
406
308
3
39
87
1285
939
29
190
64
175
45
4
250
1870
2541
23
433
183
894
3
4004
1801
61
3540
16
1020
21
2600
8
339
36
176
240
2252
169
199
233
188
372
4035
390
2
3
5
110
4021
41
853
5
2
3199
1163
94
49
4
457
4
2057
346
414
5
110
16
6
405
6
82
811
7
132
619
194
511
166
527
150
39
17
20
182
179
3
5
3
6
107
198
133
12
2
31
788
501
652
15
179
33
714
18
2
2104
2538
23
297
124
53
812
5
7
1220
44
247
1474
30
65
549
194
3909
2
4
16
917
4
16
1287
491
21
54
2
805
10
1168
2722
541
47
7
2
523
13
42
3
102
1
3
3267
14
58
179
140
2352
15
43
274
1826
671
43
42
36
2
1530
3
2
13
1978
3
3782
3109
41
8
15
161
3
8
42
2
3
57
528
198
1
419
5
474
13
416
7
2778
2
89
3
2458
5
4
3728
421
730
531
37
7
1145
3
329
3
547
330
358
2
2396
475
2470
2608
613
1299
258
1214
218
14
323
342
247
1984
42
1
3124
257
25
2533
159
98
3613
4
2083
786
20
5
3
3
5
1692
858
272
102
16
1148
2
907
165
1942
787
47
1169
2428
66
15
33
72
3239
13
3
968
4
182
3
31
2237
822
57
187
2
22
787
320
244
52
75
13
11
92
134
288
450
13
165
2
2688
3
1994
590
154
2969
12
195
92
1992
18
112
17
131
40
441
5
2
19
1
1
19
44
38
58
3297
2019
7
342
3
33
799
1253
186
316
147
2
498
4084
533
711
21
448
204
2343
2171
3
44
286
2515
5
13
94
75
3
32
426
4
1175
1
70
206
71
139
22
3
36
684
7
1
78
327
76
30
632
3
233
58
119
759
2
760
13
47
5
19
6
103
4
1192
3
2
218
51
47
3453
355
15
4
789
57
59
10
164
345
10
3
3
819
151
96
85
3451
23
1303
127
4
331
21
12
780
89
1008
22
11
777
758
202
7
14
293
4
3
6
14
6
3
68
311
76
2
1159
1000
65
1299
676
3502
11
41
1154
2
669
1098
15
34
17
4
163
2588
12
2251
177
961
4
79
2
35
1330
165
253
206
2
5
239
29
112
182
1
3
109
3372
28
30
817
4
173
3452
103
120
1281
4
1
199
170
9
16
2
7
4
31
528
584
74
635
137
248
14
122
184
19
139
42
1455
40
1022
3
2341
4
1322
70
13
35
11
482
2142
1201
23
2009
197
81
5
2
20
197
34
747
43
139
8
514
2
9
303
95
608
227
1231
47
374
1228
14
10
2697
2104
362
16
1310
4
46
3
46
471
1057
492
227
696
4
305
417
86
923
312
2428
15
366
545
21
954
4
60
8
2247
29
5
38
692
16
1127
1038
8
5
463
1
7
16
195
2359
1971
10
345
9
1010
4
468
157
1260
255
17
4
18
137
698
140
476
531
2
3356
23
12
2578
1587
2
3813
25
56
576
3
663
5
274
3
57
2
2014
512
111
49
5
730
510
9
232
2254
3716
3
7
1
2
2015
26
3
115
642
288
1086
679
15
781
47
84
3222
1503
261
48
5
2
935
82
180
9
2842
240
88
17
71
2290
81
164
5
1592
2
34
54
74
2454
96
72
4
44
154
132
52
58
153
8
8
460
1950
2435
28
2913
1301
1509
58
28
3376
1132
2552
3917
4080
2
14
362
41
41
1177
13
19
3
3531
370
1
828
67
2858
2
45
287
2
2
113
40
54
553
13
2803
738
1698
5
473
559
2201
3
388
517
264
55
3
12
1217
28
3943
407
392
139
806
2
584
159
15
135
1444
2596
4
363
6
2139
538
13
520
270
1273
2971
229
564
1272
2
3
229
95
296
1945
6
211
7
1
25
379
15
6
1974
1512
41
700
139
4
2449
1524
230
830
5
1007
425
2986
1678
58
35
7
250
4
39
13
113
14
132
2
57
3
8
1687
2
345
31
63
10
3794
144
1042
4
1441
131
135
30
74
1
13
319
5
1991
5
9
1183
16
4
56
3
222
1349
25
223
5
18
357
76
58
37
24
110
607
513
34
5
628
2
2
8
13
157
10
74
41
5
2035
291
133
6
528
19
5
665
443
1235
2129
577
37
15
360
1338
12
2805
1818
2273
135
479
8
61
1809
4
1454
5
19
241
4021
5
1264
31
3336
47
101
127
793
8
186
1530
2270
8
49
1400
2888
3313
549
3
3
3
408
34
2787
16
10
77
1141
186
197
990
3
452
5
11
217
39
20
410
2
903
2
3
3681
172
1
143
8
4
6
381
566
50
1929
174
75
7
3
3353
1696
3882
3309
8
709
3420
13
1115
994
304
4
3
137
895
2
3
352
819
3830
2243
47
80
354
709
5
237
925
5
244
572
338
218
57
21
13
7
1
4
4
576
266
75
91
146
44
3
4
1203
47
29
6
216
194
562
1615
5
60
70
1855
67
107
3990
59
1087
930
60
224
58
349
1067
4
142
458
13
265
1449
718
3
39
4
13
11
5
13
157
2232
169
19
33
248
2281
169
1358
42
654
3
10
3
4
2
3
809
1130
3
1620
367
72
377
9
2
198
29
13
3557
1697
251
438
54
2616
5
943
3
2
511
17
625
4
20
4
47
12
26
38
79
13
21
75
6
115
2
516
670
3
3289
1134
2
42
78
2
1097
7
169
4066
86
230
40
1221
79
1034
11
1730
3404
411
619
98
1
7
1268
2284
24
20
35
198
40
227
15
26
18
3506
9
1347
228
273
101
48
38
35
54
1
4091
3
471
723
8
16
3
599
604
1914
3570
29
6
751
1
21
20
6
7
1919
66
507
1375
4
58
349
1301
2
69
2459
240
3748
122
6
157
6
533
595
8
486
2119
1374
347
131
5
2458
73
1324
212
2
10
5
102
35
36
7
13
1221
2653
7
32
2220
2690
15
3
275
69
922
3
3
451
57
1278
8
21
5
478
31
1967
7
3713
1637
109
58
3756
131
4
53
6
2
4
3528
3
2
106
187
717
415
4
4
841
40
4
3
3475
14
799
381
12
91
72
14
24
95
8
135
21
3
160
1
7
640
504
8
1
2
2012
2
2454
5
82
257
5
87
703
2
3707
104
14
29
4
350
15
1659
2
6
2
28
75
1479
78
374
350
635
2
2
5
3506
15
37
2
333
8
246
226
4
3910
292
481
3
476
21
815
31
10
172
462
1662
3705
172
13
10
73
13
95
369
3920
33
2
837
394
1961
295
11
32
407
4
142
31
449
62
31
349
129
48
2060
16
13
1793
24
782
509
143
6
4084
50
14
10
10
37
55
4
2
14
56
73
13
5
266
2170
16
198
347
7
12
1186
1
140
495
10
326
2223
50
2017
2605
31
2
8
3
780
807
8
3
154
72
70
9
38
729
5
3243
205
85
228
30
1792
457
1754
11
2260
3
19
418
13
13
207
640
31
21
806
4
3
6
2
8
568
184
3
4
345
615
59
7
1426
100
546
782
630
136
237
51
28
5
10
476
402
893
98
4
1
13
66
33
94
355
607
59
3
26
536
1541
1092
2
2
7
34
16
699
164
3
2337
24
37
200
23
995
3
21
8
308
19
24
31
2
2
246
113
3156
5
97
191
65
51
85
274
2786
5
3491
29
45
714
19
5
106
107
3301
84
10
83
4
10
2
174
2241
1456
5
243
23
512
9
2
2516
20
656
95
7
408
28
1
15
3
1577
5
91
249
92
3
13
9
3
2
1820
35
5
156
167
700
8
256
20
4
120
2
2819
2151
36
37
1819
3267
1535
2763
1241
39
1984
130
591
42
5
72
1034
1
3
316
354
12
1667
40
850
2427
274
115
1252
371
2044
7
136
18
46
226
25
765
1946
9
12
29
261
38
113
143
20
2
345
2393
22
40
103
2
384
201
772
875
549
72
2
1
928
112
3141
4
657
2
3540
20
1
7
66
8
282
2
475
163
2771
3
50
2574
3680
214
8
501
3
13
2979
2
17
62
26
509
616
4001
202
32
12
559
524
1946
3
4
5
2051
5
2
218
5
104
101
2768
8
8
9
816
5
2
10
4
143
3241
13
90
1
3
7
532
94
1
280
271
7
1227
7
906
23
63
2
4
10
9
492
3
105
453
4
181
420
143
2247
1443
205
19
21
9
2
139
418
12
151
15
2330
9
14
5
1504
26
1
2068
22
2
43
1558
131
145
74
1967
2
4
415
67
21
18
1393
18
13
1018
53
3368
2252
177
3
1595
7
2443
179
151
11
4
22
121
53
192
2575
5
2927
741
16
1312
2221
171
89
2
327
1
10
235
2
9
11
3
106
444
200
409
12
10
5
104
2
111
892
6
3
4
9
47
2
5
1
24
164
1079
159
21
54
384
492
9
80
16
140
296
14
172
422
1613
12
73
6
19
47
3
12
124
19
370
1210
666
132
506
23
39
13
2
228
23
155
5
40
73
470
356
13
78
10
1570
494
3791
11
1325
140
25
2
1687
142
232
31
19
18
184
94
1558
295
65
4
8
9
1041
21
413
2
67
27
183
1148
301
5
4058
21
2142
15
2
2
1464
1469
180
3
55
24
26
31
10
599
4
4022
20
3
213
14
955
2
2473
10
9
31
31
520
102
690
5
11
48
2
79
58
24
986
10
2278
1450
698
96
289
1080
39
17
390
177
358
121
2
5
12
2617
72
21
698
46
1
1
15
2
35
1456
33
249
47
13
58
102
2
4
3
6
1979
152
1214
1191
3
3
306
22
7
260
10
4
1485
513
3
66
27
13
9
795
34
134
2
19
10
34
523
3
180
154
1511
52
2185
305
2
89
25
16
111
53
2271
2
2
20
13
59
2
2
179
8
3
238
11
72
10
4
85
5
73
267
6
56
3
3639
17
136
9
19
288
1922
808
4043
2
8
417
7
24
54
151
3299
4
4
2640
17
3
251
548
3838
4
8
2085
15
2
3
1873
119
5
11
307
2
3645
1652
31
629
7
20
1308
3
115
178
2120
13
434
14
54
4
59
3
5
78
136
667
13
56
1673
91
2625
7
31
403
25
8
2555
143
716
555
7
292
2313
6
306
82
30
65
57
2114
330
27
23
234
5
1604
2929
4
1
724
7
3338
51
478
933
7
163
196
2
812
61
38
41
3
3
14
1981
536
57
982
3
1671
2
193
181
104
61
2
375
17
454
1822
1655
2193
77
15
253
5
201
33
3
2250
13
47
28
1384
2583
100
281
7
613
106
3713
30
20
105
888
184
343
726
35
2
472
701
51
14
1277
1398
1330
41
2
2
3
5
233
255
177
9
6
699
185
2
2289
121
1156
12
376
104
2951
1
1941
4
47
2560
123
3
4
84
21
60
2
39
1
49
350
9
2
14
3209
1303
15
5
1661
499
227
478
3
4
1333
387
4
989
4
4
147
3
332
90
264
352
206
3
11
549
3219
402
3859
406
120
47
1
6
16
4
3
907
7
38
2389
8
44
10
4
77
24
2
4
43
25
14
1
22
2158
21
149
59
2
2
2
1
10
14
18
14
49
45
31
74
3
7
559
6
4
264
1
26
218
785
2522
10
2264
799
4
3
29
4
105
288
5
209
108
6
36
1571
194
38
1056
1
130
2
58
1321
2
20
451
2
3
4
4001
10
329
258
9
20
116
77
2455
4
1896
344
797
647
4
1195
2
29
1151
5
799
52
2
126
43
12
1464
248
14
3
1043
466
849
1
18
7
184
4
12
22
44
46
119
451
2993
753
885
58
113
3110
38
13
700
3351
11
889
791
10
2222
577
133
70
2
1
2
2
2482
2143
13
16
2249
3
6
3214
39
22
2
9
483
971
3166
40
18
9
23
2417
1
3011
25
743
3
2
2562
113
17
12
34
483
565
1882
10
2573
178
4
2
1237
699
1290
73
2633
6
56
63
3290
43
496
898
2
388
1558
37
36
103
224
156
82
57
849
2
120
1993
9
19
1460
1592
48
729
26
397
96
7
14
208
20
36
420
23
8
7
101
113
20
48
40
9
4
123
358
49
2
3
71
989
60
519
2553
132
37
2980
2712
117
2
213
5
7
1325
22
8
2433
28
3970
582
19
2
193
2648
194
302
6
1
2148
362
117
434
152
3613
120
481
4
16
116
15
126
23
122
130
3044
561
8
374
797
95
22
3616
5
2799
4
17
2438
63
371
2
63
154
9
3
313
62
104
54
24
20
307
3121
385
4
29
946
74
2772
2376
3
4
2081
14
928
7
1507
2
201
2111
89
22
2
1144
4
570
140
371
2
32
3584
2
7
22
1923
91
567
46
4
6
134
563
31
496
3
8
8
3
87
57
4
3416
2
35
3
999
309
22
21
477
21
572
50
3886
2
2741
79
12
121
96
103
2175
4
626
1467
102
50
178
2
1042
3
2049
182
5
9
2
35
50
9
7
1590
3301
744
3
1608
438
3490
2
36
13
20
8
17
2107
2
141
39
841
986
2455
44
1334
33
125
3026
3608
188
217
4
3
176
58
103
399
7
2
3594
5
2859
1
7
14
4
3
4
17
2953
44
1360
680
1784
74
30
369
10
2
2180
217
70
161
33
3372
3874
724
3
13
1714
1603
3
2
1878
15
435
35
288
2629
2
102
1317
1997
330
2
3022
1623
1
8
21
17
121
142
25
276
69
942
737
89
111
1415
75
196
19
239
12
6
2877
174
3579
5
5
2826
18
63
2
51
1181
209
519
374
1352
580
3452
2
361
818
35
71
28
1
7
176
436
118
1680
17
3
422
167
71
36
12
1686
2416
366
401
57
3
568
68
994
5
2608
5
436
928
30
555
51
38
174
18
321
47
821
1444
197
6
252
2
217
2155
317
46
142
3137
8
2
10
11
9
36
1
2
4
2538
2585
1920
964
1627
764
7
2
4
130
2
2904
338
65
6
5
31
3349
97
265
2317
543
136
2764
224
2
1114
121
3824
2
14
2
1574
4084
2
856
79
29
844
2
2
20
892
2
37
85
4
198
30
163
4
815
1547
204
1883
515
18
392
164
2256
106
34
51
3329
179
120
141
606
2611
3
518
1469
351
948
112
2
134
418
1767
19
942
1231
8
2
3948
33
45
1637
22
1277
56
551
80
75
1065
1756
202
7
16
4
369
3
4
929
1045
236
2166
1
6
3
4
2188
512
101
938
605
739
34
76
9
230
2699
4004
16
49
410
7
3223
3254
345
47
329
2801
132
18
32
266
1500
7
390
410
7
37
3
188
3
33
1789
420
64
628
1253
1264
1205
786
1722
587
16
29
796
305
475
12
21
302
991
3
241
1338
121
256
1
438
13
3
227
197
681
2104
66
193
323
52
3
574
577
122
1
15
8
35
5
974
2682
2743
473
1190
2
685
49
1179
193
21
8
2
12
2
3
1456
19
15
2
33
120
9
16
3984
15
3869
13
97
2524
561
2881
360
489
309
1159
5
3
213
399
37
101
13
7
3
1126
3210
24
19
25
347
181
31
455
1463
5
9
385
3952
192
20
349
84
419
22
212
31
3
47
12
88
10
23
8
9
3
3
853
2218
3
3
2
2
2
1345
26
1754
194
527
674
3
261
244
3
1691
1165
1
1085
96
95
208
206
2
3
198
11
3731
95
156
473
111
2
3490
38
491
179
1401
10
3
14
344
6
6
7
340
31
19
3
9
17
77
6
297
1620
400
24
3
3
294
3
8
311
80
10
3
1051
419
10
179
1592
3
3
649
831
1109
200
26
6
962
267
1668
6
3
61
2
2644
2418
150
3
10
21
2
2
162
221
2348
10
9
326
768
4
9
12
3703
838
140
4
60
21
3
1586
94
40
10
215
824
24
46
843
5
2
332
60
24
51
5
128
9
1149
1189
12
8
273
27
88
216
21
65
270
2
201
2713
713
1718
4
99
13
26
4063
264
734
1312
33
440
18
2769
3458
269
7
3
2
189
8
2
2475
1787
142
1406
442
3
6
5
150
21
58
2103
731
1515
71
4
1774
3797
400
2
10
183
23
210
1
456
3
9
3
523
55
93
3
255
15
163
5
52
220
2
47
1738
1
4
587
4
172
73
1688
653
5
1260
20
166
13
1
95
1671
50
1430
24
13
213
12
5
664
2
5
235
1870
19
3
5
126
9
26
8
838
47
2678
239
13
58
90
2
287
4
41
2
28
36
19
141
190
50
7
12
174
22
11
7
186
53
474
4
10
496
1210
2
7
244
3325
3
47
1493
183
1495
8
2
3
22
146
34
1219
18
582
316
3704
1
7
8
5
523
56
9
247
2
81
29
1287
24
251
9
4
5
141
5
4
117
177
2725
26
2757
63
28
2667
1047
1414
118
12
401
129
3
463
3
831
1707
8
3
47
1
29
4
952
151
6
6
740
1878
7
13
752
48
1013
56
7
252
688
3
1456
30
13
3204
14
1735
2
887
19
2198
198
19
943
2
1081
674
3
303
263
319
224
5
5
5
8
3950
2
11
1055
2
305
1123
782
110
265
39
3511
5
2056
154
125
25
1257
4
30
12
2
4037
642
8
2
3
200
1253
4039
55
15
3
2
255
22
30
674
126
51
119
4
41
2907
2
8
49
356
13
329
47
5
3641
176
30
2
2
2320
34
40
2
10
8
3
296
2
17
40
1763
9
2
14
7
13
407
7
866
3
423
121
17
26
8
15
97
225
877
1671
7
4
237
110
1519
10
37
986
2711
3
58
2
46
10
1037
2
23
73
4
15
175
1802
4
3
4
323
2351
886
277
13
1776
716
1071
6
396
8
39
162
547
93
3
22
2
438
12
6
137
7
6
10
378
147
3
31
1448
80
2028
2
3
256
4
246
59
42
1704
227
12
35
3708
2
2
17
4
6
90
36
111
187
1106
93
1546
625
137
785
819
46
24
2
616
6
2
31
2
3916
35
720
1153
176
9
703
3
246
9
1159
2
2357
28
51
21
420
761
12
31
50
7
5
521
40
2
15
235
619
3
2
270
2
38
778
4
344
187
13
3
113
4
18
2360
69
420
2
2
59
506
1
1
53
3
56
18
147
670
105
5
16
29
793
5
2
15
1677
2964
335
3
6
1
959
4
527
3
95
14
557
8
15
34
2
1768
221
38
5
5
477
1055
101
172
5
76
2
5
972
3875
58
199
5
6
31
2
13
919
199
12
99
33
9
280
2341
3
2502
6
2
18
4
10
2679
201
28
3516
3787
3655
264
2837
74
1914
16
706
1904
97
2
5
1351
122
1
2
107
43
13
36
718
3
1070
2
2
35
38
1494
1483
18
26
3
1073
9
23
468
5
453
201
2
276
3519
1
338
1052
1950
1197
23
20
163
343
541
42
6
2
13
228
50
3
1743
185
731
118
131
3989
329
624
50
1
412
50
168
15
31
61
25
838
2
2
203
76
391
512
3022
23
22
1
2117
5
257
97
2
159
12
1
1473
302
497
3
412
10
1009
10
4
33
56
8
40
2
17
4
3147
187
669
1771
1
487
246
3
37
1147
5
101
3
18
171
49
1090
5
6
113
5
3297
369
138
5
4
20
77
14
1859
2
28
3
8
60
861
1729
23
123
167
5
180
79
86
2
3
403
732
406
185
1
808
24
4
191
3371
20
456
1
3676
7
19
19
282
607
2458
9
116
2
38
50
2
671
26
1
835
91
33
38
16
10
39
73
408
3
206
280
81
5
3
12
3
8
16
1974
21
2500
451
50
3250
3
2
596
322
3
42
2901
279
933
5
41
2
1492
1152
1306
94
120
126
3685
86
1192
1745
229
632
2
12
1
13
9
4
88
22
2
479
2
440
521
18
156
42
858
29
2
2
97
1393
7
3502
74
2527
764
1213
2
456
621
7
1824
48
36
58
2225
513
34
25
110
6
1113
95
4
7
1
5
870
209
3
1746
203
40
21
88
7
7
2
5
469
6
743
162
2555
538
37
128
130
58
13
201
4
33
133
946
131
7
8
181
6
4
2
4
4
11
178
633
2
101
5
226
12
6
37
43
2
10
3199
2215
314
196
2
2805
876
15
1161
156
170
1
5
209
4
1048
30
3404
3
65
3398
109
517
1
153
72
709
9
1004
744
13
10
2446
81
2121
17
33
3323
596
60
558
543
32
32
13
5
1299
12
8
6
250
605
268
2
1884
2
1211
3565
280
1974
51
511
387
1379
45
8
2
38
10
2
57
12
224
96
2015
1734
34
572
4
1716
8
97
2359
2450
63
317
73
5
2454
13
57
76
2
225
2828
2
4
179
459
428
15
69
22
3847
5
1049
5
85
2
2
958
801
742
2507
559
73
29
1720
52
854
15
3
618
21
2567
8
107
1327
2504
595
3
97
733
2
161
148
20
1862
4
7
224
182
19
18
2
589
2
392
519
72
2
126
1235
3
43
180
51
143
31
359
185
28
422
5
10
3
20
2757
193
29
33
8
14
739
77
19
7
718
61
7
2
2
16
3
1762
5
73
2
268
23
1
56
6
37
546
1958
9
33
66
3847
1369
3
169
998
10
3
1009
242
1354
412
3
1814
12
251
3345
6
179
47
26
22
88
100
544
4
1378
93
618
581
36
859
3
60
21
1818
448
8
618
2919
12
495
11
2673
5
1111
1496
1
2589
2
678
6
64
6
6
95
2
3196
872
317
87
167
13
446
6
323
1389
2
4
3
2510
1628
617
146
2365
6
43
50
93
31
47
34
396
160
3
19
698
21
5
5
5
9
3
5
3663
1677
3
767
2
1595
354
923
196
3112
2779
73
174
26
3
2
1
5
4
658
30
35
378
331
1509
26
293
235
3
545
8
232
520
1979
2
1
3291
3253
4
5
17
9
844
411
39
12
3115
112
550
248
29
2052
31
2
83
1917
51
197
91
3
8
2162
2
51
627
65
1806
327
25
4
1065
31
279
42
493
3093
2523
455
2
31
8
59
1758
2695
3
458
176
17
85
1788
5
132
83
31
11
1277
615
1688
3
151
547
2853
5
31
31
320
68
361
1285
3
1470
108
353
160
732
13
22
29
2
2827
174
13
3496
260
204
4
56
186
50
85
3
28
2
38
1665
2
828
2
786
122
1471
22
4
56
126
7
33
849
3657
20
1993
1708
102
19
55
10
4
224
3
10
19
2783
310
379
2987
45
33
3193
174
4
7
167
70
29
879
3
146
567
1615
1899
395
57
5
160
33
13
31
1
2
3563
3269
1722
24
5
280
12
119
671
97
85
594
1
1526
1737
60
1231
680
41
789
104
69
3126
1709
1224
33
3
343
139
2690
5
4
290
21
2
19
1371
2
5
4
22
1537
1610
284
16
417
9
2
3
157
4
2129
6
1260
5
4
51
39
19
36
24
1843
24
3
162
56
2983
56
58
10
4
140
49
2
644
143
4
8
694
3
624
53
9
5
121
8
1074
251
40
3071
111
9
41
756
4
1120
13
28
699
12
138
4
465
5
7
2493
2869
505
151
22
1853
3
100
2
98
26
3637
81
733
10
3
808
6
21
31
288
3091
4069
167
97
5
2868
710
21
405
493
2071
133
47
2
4
49
13
3845
20
13
965
15
35
721
16
1
2339
2
2
522
5
796
541
14
130
2010
680
21
10
3663
1
123
19
9
2932
964
27
2
424
1260
3583
4018
103
13
4
2575
26
107
96
418
397
8
3
445
2
35
4
273
13
131
14
150
22
25
1
2719
1032
86
85
1130
2903
5
37
7
2496
102
3798
1521
90
34
108
5
287
341
127
2024
9
82
5
333
2
506
1047
2121
568
3063
90
8
13
551
61
9
303
10
6
3920
281
1348
646
19
20
102
13
1159
5
150
12
8
2
3
21
183
356
3
5
111
1259
2
7
74
3
4
900
1064
854
5
846
254
2
5
15
2127
730
470
84
120
5
3
449
110
20
13
112
2812
269
25
780
957
377
225
37
6
8
890
6
1805
3
1
2926
5
147
14
49
679
2
92
585
8
217
35
314
73
6
58
3
463
674
221
528
49
2
11
190
38
1156
601
31
34
564
1451
35
746
2712
3388
841
964
109
746
5
114
74
314
61
5
3
1324
18
58
2
223
145
8
16
386
4
3
26
2182
113
13
71
2050
62
234
5
44
12
3797
1
142
487
1891
77
239
206
791
92
103
32
176
1582
1979
312
2
446
4
2382
30
20
19
185
5
21
43
500
2714
4
456
4
117
3
121
221
43
14
189
735
3
52
14
5
15
938
12
648
1981
18
19
1001
8
4
8
191
153
273
870
99
3984
12
2433
2522
103
517
142
1867
1834
2
1396
142
2
4
5
162
48
5
107
3486
905
3232
710
6
297
8
6
158
2
5
995
13
118
659
741
115
2149
336
8
41
81
3709
3
2
92
3370
2235
88
23
519
9
30
21
237
2148
1821
4
4
12
869
22
2538
832
55
94
2485
94
8
626
5
159
9
24
5
1900
589
587
118
19
15
5
205
879
117
1425
2754
53
170
664
136
24
855
2
2485
2711
277
66
114
133
859
3804
7
5
788
138
58
3
2
340
7
409
2965
1293
2
8
713
401
7
14
953
37
5
5
624
218
21
53
559
684
3076
9
74
2201
118
2
15
22
3169
674
2
1
65
298
3903
9
1439
5
435
58
3059
1050
106
1892
5
200
15
289
378
4045
2078
32
1168
1720
64
2
63
92
33
3525
17
37
316
88
33
5
508
62
12
1198
441
2250
2
3
862
107
31
56
5
277
557
137
2
4
2
1015
55
105
2
34
9
3
60
136
25
688
102
2
443
29
2
7
40
4
86
151
1947
259
87
597
5
222
7
1099
787
19
102
2
26
9
4
28
364
27
3951
6
4
18
70
96
3606
1516
6
206
2771
341
3
15
3
3457
2421
24
18
57
3881
508
75
12
50
95
91
17
72
97
7
18
59
1224
170
2056
8
436
1294
45
24
10
376
307
1116
2
78
2
1517
96
3020
17
5
293
1328
206
4
167
3677
619
152
13
31
1795
663
3426
409
1903
154
99
385
973
2888
11
2
35
155
11
70
97
1192
1936
8
1
737
12
180
25
4
1994
37
122
3889
4
17
13
2
2138
857
497
8
3
31
47
35
3
3
4
5
665
7
3563
19
2
3
1579
44
5
152
353
152
2
9
1006
1186
11
2
181
5
1511
2
15
195
116
32
2308
488
490
9
12
150
2
2
4
34
546
7
501
2084
1563
20
245
127
32
294
2246
117
15
4
52
726
5
3326
1044
4
8
4
61
235
101
1612
139
239
2780
12
1370
17
16
559
6
58
48
13
74
248
4
1041
78
42
9
321
9
6
247
6
275
697
2
3
104
1776
6
78
34
109
10
2013
35
3082
15
101
2
296
11
37
99
2402
87
93
35
19
13
3
389
266
5
5
21
3
56
6
241
1617
31
17
140
21
48
3
1902
5
16
7
2100
46
2
2
113
24
4
181
650
1007
87
6
42
50
8
61
7
4
7
275
6
2423
1699
97
977
1152
58
37
326
3
2
1106
900
2
28
2232
1028
84
13
707
15
67
100
2
28
250
1618
32
57
2661
12
4
6
711
3
2708
12
24
1955
3389
4
1579
79
13
31
550
196
202
3
225
165
351
4
7
33
70
13
4
442
64
162
4
15
215
2
74
28
4
887
5
21
30
768
5
2
267
21
1818
2
351
152
37
2419
373
3
243
12
2
144
183
3
1
3
11
2
43
194
2902
4
3
5
4
2
798
12
119
336
4
26
2
994
3
31
668
1444
272
603
3062
5
342
61
1733
10
1090
137
3
8
3
32
336
41
1829
3443
40
7
184
2924
3905
4032
4
5
228
368
54
72
2574
152
420
25
191
5
2
1642
228
3
2311
16
153
1729
231
560
7
10
23
277
13
61
2361
1187
17
2473
924
24
19
2272
2001
178
48
1089
53
286
2194
2
758
1182
84
1384
101
36
5
5
530
11
683
2763
641
1751
335
93
20
5
13
453
180
489
220
23
2956
1486
335
1455
16
2985
7
12
4
135
135
74
3665
21
1
5
67
106
1173
70
9
29
521
2
289
4
32
396
61
797
4
3934
1221
1980
1
7
831
3
3
92
2
7
216
3279
2360
3
2
96
8
7
31
12
2
1
1262
2
117
331
1444
50
92
3644
19
14
1782
4
5
14
5
2
730
10
1324
420
10
2
1758
2112
9
2
20
4
4
763
429
2926
5
2159
403
2
569
3
34
7
1824
776
9
3797
63
8
1114
139
2713
1390
127
93
1840
2087
11
1
32
101
13
189
24
3723
33
96
2
9
2
790
5
197
948
42
52
15
154
213
61
6
4
10
4
1875
909
3216
680
1200
64
2
228
8
2
70
1398
300
157
202
9
4
1713
20
445
20
10
7
161
438
115
3
8
1207
130
2
1633
34
139
387
15
122
1037
4
17
3
9
4020
3066
1703
142
2380
5
10
3613
21
3
1571
664
97
84
576
28
132
887
22
31
7
125
54
61
190
4
981
128
40
58
2
1
316
1344
101
102
127
2
2
760
4
987
229
3
3030
177
4
381
13
301
10
6
13
5
434
2
5
120
907
1046
13
2484
7
82
3248
576
2
94
218
635
43
5
31
2392
565
4
156
1511
8
3
103
1020
130
3
1261
2628
1170
1132
78
21
943
4
3
286
2294
56
2
271
3449
267
2715
135
216
3
3
3
2425
22
415
1812
3
177
922
174
307
466
317
35
359
68
6
2965
1853
169
17
44
2806
1634
1953
7
2
415
3
29
74
1231
498
5
99
7
47
1
447
134
19
3295
318
73
11
240
498
6
2
2251
61
5
62
100
228
7
86
1155
3011
34
69
19
13
5
22
185
486
16
83
14
66
1
2
573
653
5
768
19
6
9
2
16
6
19
1777
18
41
391
4
315
2084
2
2586
11
1023
3
362
97
14
1315
39
1509
3
31
943
426
50
1
500
252
2
73
38
458
7
2
4
276
2
1138
74
146
12
117
34
547
7
34
2251
88
1198
4
537
2
2
3
47
162
73
2
17
5
3
6
22
288
1289
2733
4
983
2
40
58
12
3267
1
3993
86
2231
391
5
16
24
235
14
1
12
634
345
50
104
2740
47
275
2430
592
57
1
1889
4014
1150
8
201
2
180
1987
1690
790
1382
43
10
12
2659
57
9
383
4
17
3204
2832
86
535
580
363
593
3
10
940
1032
2
130
5
176
13
145
48
68
49
2
716
686
85
1896
151
34
42
2
604
10
2133
33
2
185
3
3
25
5
3281
1137
1247
28
14
3
8
96
5
68
19
361
79
34
329
37
120
52
6
999
8
1040
29
965
1863
2300
560
1668
98
1793
2
38
3
1
4089
45
8
21
162
56
4
280
284
810
28
934
566
7
184
1440
38
15
207
16
18
153
1147
39
3
799
943
5
1462
4
43
47
3708
39
2082
3380
3981
3813
2
208
663
24
3111
8
50
43
19
51
3
3
51
484
916
23
2
499
592
13
1
42
3
96
4
1089
1666
1720
878
249
374
1401
1258
3285
1872
844
1324
1
765
278
250
2
2
3493
2
516
3985
13
1
9
502
24
4
3648
744
9
1305
283
1
65
49
3
4
1373
6
25
2181
18
25
262
1311
305
5
3
3182
831
1461
6
669
25
1170
1419
151
3
118
1437
3
5
109
200
509
2542
522
1452
17
4
2555
2026
826
13
32
50
834
1882
1085
1709
407
73
433
2
116
108
2860
26
3
437
488
550
669
45
61
2
1445
31
2365
221
367
3693
2
3039
1897
1298
62
1429
186
132
903
669
44
2
98
129
1596
19
59
84
2
13
3
8
42
56
292
15
2
2639
2376
134
1321
962
2661
3
5
217
6
11
218
635
2577
13
2672
1649
37
43
60
2734
651
3
154
4
19
9
346
10
12
2
37
133
919
4
4
420
1307
2
195
168
202
748
820
911
2
2
34
465
184
2
3361
16
163
39
3
19
103
111
762
3596
143
981
17
12
3267
3
454
3
5
140
2825
4
5
198
119
141
509
30
3
1977
31
3
111
139
971
50
381
148
17
7
3657
14
6
19
2
578
190
1507
72
2
768
338
30
2
226
996
31
2
852
31
26
40
319
5
111
3
118
12
231
2
609
1880
2622
1402
8
1340
1
49
1
1757
4
37
23
3744
507
10
50
404
316
958
2134
2905
3
10
118
532
25
582
234
140
243
3
1626
5
13
94
19
5
4
63
719
1162
2875
774
2
2
37
1818
3061
78
314
227
1905
12
1260
5
1024
16
3
3
1545
3
13
31
4
38
1677
9
53
1291
2
8
1376
2
5
2
1481
331
793
32
129
76
2
636
41
7
2384
1134
1191
286
1730
1368
3
858
18
29
1631
3
254
617
27
163
1766
3135
9
115
29
58
169
544
39
5
12
216
2246
679
291
2561
2002
2
1658
30
29
44
12
6
3
264
35
2282
193
83
585
3976
189
90
73
540
3
1075
5
19
5
137
26
264
855
3
86
43
903
22
659
2644
2
80
42
184
25
2825
16
292
2002
708
36
131
3297
650
10
1667
1
1025
3
4
570
1992
421
3
15
292
5
5
8
94
955
1430
3
107
4
18
2
2
32
505
444
287
14
9
1171
855
1298
907
4015
183
96
9
417
8
37
1327
50
163
1001
3447
3779
15
1334
567
1984
132
1427
224
26
4
10
21
5
2
21
3
2506
35
962
315
14
3877
284
1095
3
33
7
13
20
3
1491
5
473
3
74
6
4
265
36
19
12
50
2
2
110
1021
14
22
858
2
1412
2
88
2107
3
36
337
118
200
3
62
5
1232
1093
59
175
6
34
24
64
42
23
28
2
1849
5
35
398
3717
312
110
528
902
2
83
41
58
410
2
102
65
19
36
5
33
14
744
851
786
231
1
319
11
4
543
1107
668
38
122
5
35
8
948
485
4
132
1601
229
701
57
93
157
1
1336
1574
2
29
1668
17
2
9
3926
64
18
48
2092
1
57
366
3
19
4
1926
42
622
1626
52
167
14
15
3
143
76
480
1
4
13
4
3394
166
3
9
3
2
556
1
2
738
2194
13
2428
456
66
50
15
727
934
89
912
26
146
2
279
18
699
482
87
1947
116
13
5
882
6
112
1966
2
29
60
1370
31
13
4
41
12
1401
2
2252
606
3
3
3
6
264
4
8
126
2134
2
10
26
1129
1
550
26
3
894
608
3774
78
2153
13
221
22
150
759
38
5
1125
4
20
283
2778
3
77
5
1627
7
298
86
62
214
3261
753
702
44
3
2
15
3432
3
2670
71
51
328
29
2
8
3
2317
1290
2
4
2
5
141
144
2
617
196
3
22
12
1249
5
12
454
2
1684
2
3
41
47
66
102
39
70
2
4
3320
139
14
152
3
35
473
22
44
3
2882
1986
514
499
1502
1323
50
3571
1337
12
1673
9
25
397
761
463
116
700
134
994
2
9
9
60
3360
386
146
9
13
2
46
1557
13
1831
17
5
135
9
17
1566
58
3437
3887
589
2
122
737
10
3
21
1515
7
1
202
1428
2
276
7
54
8
146
2
293
9
136
2
1646
8
1844
1158
2
3
1427
22
49
2
389
92
13
57
157
26
12
185
4
18
62
634
2586
57
3
51
24
752
407
19
2373
147
1399
45
1
2913
69
1327
2
112
36
2399
336
1730
20
190
77
6
13
50
15
1494
930
15
2
528
244
145
8
7
280
140
461
2
52
115
806
442
24
2
1148
82
383
30
10
66
108
2150
1048
13
118
4
39
12
550
31
2744
654
2117
3365
19
61
66
3852
2
25
2969
4084
12
1178
214
2
3247
21
14
3
41
16
857
3597
53
33
419
1682
43
2525
3787
889
531
22
29
9
7
5
12
16
1076
22
1737
1841
3118
2
14
140
110
88
3464
986
20
989
181
847
4
74
21
188
151
673
1716
945
40
736
1148
461
56
33
11
112
3
17
303
70
2398
65
2238
2
150
63
385
3742
8
714
2
14
377
135
52
108
14
7
291
4
371
74
8
9
20
1474
5
3003
74
35
3
2
140
1322
2016
4
9
1054
3
5
3656
139
26
31
52
499
71
1
379
1331
21
21
204
538
5
128
16
116
3
593
1156
48
2177
309
170
214
29
304
3000
338
37
1557
2
1548
37
2746
540
2037
3708
101
19
20
68
2
66
430
12
2
1597
186
58
943
3
1428
25
2
256
26
8
3006
465
3
1882
4
2
4
254
62
1762
238
4
62
1204
18
202
5
755
291
3594
3
218
5
3
222
21
3
14
194
12
13
4
186
3501
212
24
2529
9
2439
899
61
1013
26
12
117
702
341
34
49
1183
4
170
2
179
23
5
24
446
18
216
28
19
