2057
5097
2458
2429
2096
19297
6038
2219
2983
6637
5007
8049
10601
11378
2099
4631
22110
4031
6587
8659
8811
3455
3390
2295
14866
3997
6548
4077
2154
2203
2666
2594
6806
3841
2524
2646
3486
2390
2389
5237
4316
6333
2507
4015
3548
4109
7379
2079
3623
2108
8190
2265
5950
5836
2833
2688
2110
2139
2192
3154
4887
12232
5039
6080
3283
3579
14876
4122
2427
3061
22734
18044
10576
2463
2068
4760
2069
2381
11098
2712
3317
3608
3046
2084
9479
2163
5677
2620
6769
7552
22405
2976
5316
4573
2066
6078
2468
3612
13432
7565
15537
7763
2328
2511
3470
7038
3075
3112
3328
-14290
6430
4378
2765
3556
5409
2517
4289
3856
3002
7237
3585
21790
7651
2990
2121
5263
3636
3774
5455
3264
3402
9433
16026
4969
5997
3921
8541
2052
5877
3247
4800
21661
2363
5027
5503
-26773
3591
2132
2167
9067
2991
2509
3709
2942
15934
6284
2917
4176
2859
4408
6091
3069
9682
23466
5827
2112
3541
2190
6891
4353
8397
2644
6878
32369
2882
5093
8548
4753
4381
9797
2570
3431
3722
3700
2668
13011
2918
2054
3246
2136
7002
14318
17371
3303
5757
7140
2411
14904
12643
-22051
4622
6010
2885
-32596
2470
2053
3319
3497
2258
20980
2834
2220
13374
2592
5530
10699
21071
2091
2451
2729
3324
6692
4213
12003
27422
2785
4159
2225
9526
3799
2981
5288
4782
2051
10004
7080
3115
2698
3042
4189
12524
-13162
24237
2133
28243
8443
5346
6420
21691
2293
4047
2178
4269
4190
2611
15525
2904
4539
8450
3245
4109
5514
2265
3087
3878
2143
3024
-20045
2528
2728
3158
3637
4105
3885
2197
6196
3458
28833
3575
12233
14273
8841
4337
2444
18988
28103
-11565
11678
4124
2536
2062
3498
2926
7059
4874
7260
3619
2713
14333
3708
9585
2836
4992
5351
4365
4682
4874
2464
4582
2954
10100
2368
2492
17509
2227
6776
11380
7553
2440
2809
2528
3050
3128
2915
2693
-9182
2167
9703
2303
6598
3946
6632
15128
2064
9130
10109
3393
7385
7096
7885
4527
12349
5249
2263
3490
4158
4867
2139
2853
3423
2965
2440
2602
2116
3170
2478
7595
4975
2416
7857
5117
11359
9087
16785
2055
3026
2087
6396
3743
2498
8085
2562
3185
4072
9103
4754
2607
2223
10989
7458
2268
2074
2263
2156
7629
9190
3247
18155
-22139
2403
8937
5444
2258
2377
2556
6765
3880
11631
2935
3203
4820
2370
2838
2268
3102
3239
8284
3126
4744
22481
13549
3118
6845
2482
7174
6631
4447
4213
2865
2351
2530
13040
2913
2947
2315
4777
-30630
5297
28747
2308
2516
4368
2737
2057
8059
2342
5992
4298
2299
5216
2106
3222
-30191
4684
2690
5593
4725
4921
3447
2607
3151
2474
5094
7488
2082
3655
2151
2825
5328
5152
14435
21887
2626
2220
10757
8010
9662
7062
2230
3460
5458
2873
7119
3072
2629
2642
3695
3242
13586
2226
2281
2444
2842
2082
2692
3515
3445
4288
2694
2062
2243
7982
9661
2400
2213
2568
2329
5368
2715
6686
10437
2626
2066
3407
2529
4174
4495
8501
3467
2518
12920
5961
3941
11965
3476
3945
22566
3838
-7551
4116
3088
3706
12185
5089
5269
14411
10017
2343
2091
3833
-1435
9393
4664
22947
4513
-14373
2244
3262
3447
8751
3401
10267
2412
2098
5341
2253
2295
3401
2895
6288
3144
5430
2844
2414
4191
6816
2572
12464
6270
3433
3640
5120
20095
2070
6299
4794
18614
2682
2097
7813
6282
-20642
6309
20075
2110
2294
-22205
3856
22784
7649
3063
18551
9798
8890
2830
3846
19598
-18669
2918
4441
7707
5872
5579
2633
8565
5217
5437
20701
4265
3818
19027
9644
2625
2673
2736
3470
3792
2970
3971
14951
2576
2059
2221
4137
3658
2894
8036
6807
8025
9895
3578
4495
4926
6385
-30778
-23453
3138
3007
3189
22053
5918
3779
4873
5694
2106
5033
2501
4134
2441
8242
24649
4962
2513
3587
4139
2214
4222
2459
16341
2667
10303
5211
2460
5305
26710
7251
2805
3960
4906
2149
3048
6099
2555
2558
6385
3227
2447
3635
3775
2391
3365
2353
2523
2811
2829
5859
2713
4889
3564
8268
5479
2733
2559
3081
2247
3598
15138
2152
4915
2834
13963
3142
4278
19838
6476
4003
3441
5492
29405
3102
2712
16629
10739
3936
4923
2199
3780
3020
8055
-11423
3109
5791
6217
3806
3851
2575
4591
5680
2886
3853
6107
4123
2475
13643
31540
3482
2495
4571
-11153
3553
21894
15885
14721
25868
-13539
2855
10093
2742
9194
4527
3532
12672
3644
2289
2113
2211
9294
8205
2402
9436
3137
2475
8063
9535
3768
2219
2169
-30471
10170
15580
2216
3069
10979
2112
2151
2434
2481
-22317
5803
2786
2100
3165
3013
3304
2130
2068
4252
4918
3441
5678
4441
13342
2213
2099
2438
2102
2447
3976
5267
4517
6548
27299
5330
3266
6381
-20847
2534
3118
9789
2272
2512
10713
-21770
9799
2498
-23890
4380
9041
17751
7178
13212
3850
4938
8476
3994
11414
4155
3350
2389
16901
3438
2317
3712
4408
9335
2663
2730
14137
2438
3869
2096
2174
3421
13631
2161
2648
2306
22462
2621
2383
3039
3357
2315
4042
4259
3432
14603
11455
7033
2210
9333
2919
2126
4409
3079
5849
4363
-5084
3795
23681
8883
9008
3170
2465
8616
9265
3002
4392
10345
3043
11247
6568
4834
2324
5046
9469
4294
4133
3846
3140
18346
2933
3500
8132
5372
2572
2818
-26324
7719
8735
6277
2056
5170
2450
2371
10640
3525
18974
2953
4502
14534
20231
3816
2176
7392
5725
2218
3944
2096
2555
-13665
7622
4598
2786
2248
2309
5817
10959
2443
2394
2850
2679
13567
4673
2943
4765
2588
2926
5707
9522
8278
11189
3780
3437
4602
4210
2106
4456
5848
12803
2953
2741
2512
10540
2640
4149
23537
2546
3146
8328
7997
4181
4169
2256
3107
2546
4532
2701
2969
3234
20246
2138
2883
13897
3335
5193
3077
2564
8487
5568
3204
5361
4966
2079
2128
3549
2063
3001
3576
5832
6859
3208
6233
3537
2490
2064
3862
-32486
6309
21368
2762
15061
25451
26008
2298
6548
4481
4721
-25763
10554
2258
4129
2117
5418
9679
12153
20104
2152
6510
2050
4559
9593
5901
11461
3108
2166
2832
2439
4419
2627
8846
4133
-7410
9241
2770
2943
3095
2695
3629
-27718
3051
6884
5145
3813
6406
2413
5083
2459
6732
4125
4926
5992
3468
4395
4190
2672
2855
-13707
6964
2742
2874
18484
2176
6151
18668
27533
22353
8767
2721
5414
-30903
2293
3118
2960
3233
6388
6294
2499
6063
2241
-28120
5138
2674
2641
-26696
6425
4693
7184
6033
7255
4471
3324
18316
17561
9765
2287
13574
6021
12261
2430
18061
8080
2815
11858
2620
2567
2632
2546
4516
21334
3049
-26863
2200
29676
2257
15212
2753
2409
5210
7416
4202
7105
3346
2053
2135
4512
3063
3432
3124
5975
9187
3430
2899
2462
4617
2848
5177
2248
2324
3047
6299
2137
3079
9543
6155
2648
5383
6796
3523
3199
2481
3860
7441
3655
6439
3649
32548
3504
3507
4004
28585
3468
8848
5951
7046
25320
2938
4187
23253
3884
5115
3382
2378
22034
2575
2305
2202
3053
3571
2642
-24775
10764
2929
3608
15637
4712
3001
2418
2654
10656
6499
3556
3474
3257
5729
2331
17356
2943
4011
2789
4994
5816
10954
-11776
17110
-21841
3652
6215
4002
7920
2183
2458
16337
7893
4375
5811
3915
2897
2098
3373
25228
5157
5567
3032
11895
28551
3381
5292
3094
2579
4822
2334
2149
3475
3151
3676
20302
2319
3572
7420
3812
2186
3882
3511
2677
15360
2058
2817
2210
3296
2552
3162
2136
3515
5777
2694
2410
4043
2553
2727
2495
3308
4684
2273
2596
2161
3729
6829
3574
3108
9525
4655
14528
2336
2279
3948
2595
2310
18675
7820
4589
7717
3380
2096
13892
7550
4615
11631
3595
2183
2567
3058
2127
6413
3267
6318
4657
2579
6074
4289
2436
2916
5694
12502
7311
2846
2647
5281
5358
6301
4487
3057
3010
2124
5952
2246
-26251
5548
3427
19207
4836
3911
5767
3082
4609
4565
4000
9277
17505
7570
5705
2882
2721
9583
14479
2192
2796
5736
22091
5394
4787
2551
2121
5323
2614
3929
4830
20057
2578
2279
2635
4742
23450
3113
5086
2524
3175
2122
2830
2620
2723
26598
8223
4272
3564
2649
4724
15392
10914
2452
4686
2366
10818
3298
31156
4635
9031
2484
5628
2207
4214
29052
9858
3941
7328
2342
4458
4489
13088
2673
5675
2126
2283
5828
3703
7481
4666
2850
5102
2645
2747
2779
4014
11343
11620
2432
2993
4561
4224
2387
2300
12084
2284
7065
-8178
3235
12549
2436
2259
2991
11891
6242
3470
-21917
3823
2304
7549
5858
2464
14937
2178
2220
2165
4055
5186
2203
18374
2267
3079
2650
8337
19254
4136
2057
4871
23860
6287
5360
2485
2840
2206
2410
5648
3010
23776
6340
3635
4166
2585
6791
2372
4775
4551
-23248
3271
4313
12880
2605
2298
8479
2887
2267
5914
16582
2152
5549
2547
3855
7306
-4302
16950
2231
4741
3675
9543
11440
-1894
4317
6980
3100
5646
4973
2279
8733
4786
2260
4996
4384
5957
3206
11193
2660
2774
3368
2259
2054
21890
2154
2359
4139
3365
2297
2888
4679
5157
3049
2081
5287
4979
4373
3037
3060
5332
2324
3166
18894
5442
7103
2319
3378
2271
9327
3562
3776
2227
2056
2580
28465
5269
4364
2555
2491
-7939
2118
2135
5913
17202
6367
4799
3927
21819
4359
4216
4335
4445
2204
5446
2480
7226
3240
14772
3402
29141
3835
2368
4300
2647
9437
2444
5734
29183
2236
2534
-31432
11143
2418
7102
6839
3035
2121
3647
4756
6123
23489
2233
2445
5646
2582
2880
3787
6636
2105
3301
6064
11014
2593
5634
3739
6577
3559
2154
3889
2901
2463
2786
3759
22741
7080
2380
2168
5533
9718
2107
-28229
3041
10347
3215
5035
4353
2261
2094
8376
7554
3023
-22052
4719
3692
2278
10878
11247
2158
2346
3602
2313
2052
2948
26200
2639
2504
3565
2165
2532
2863
4377
2891
25757
14004
19434
10210
14318
2086
3328
6893
13005
2247
2088
2449
2656
2258
5076
4146
2266
2752
4046
5232
2957
3156
5014
5999
2766
2598
3376
3423
10299
22369
2285
3359
4621
9874
8948
2982
2607
2333
2504
2824
8350
6940
2583
2115
4371
5893
3567
2758
2532
2786
3711
5568
2147
3802
3877
4155
2848
6264
7742
2069
2902
4456
5807
7867
2091
26758
2299
2132
2743
12059
7827
7340
5036
2825
2435
3293
2772
5361
9249
4285
2249
2633
3538
6025
7193
2918
15748
2604
2918
6109
4775
-25801
2104
3054
2314
2866
4752
15895
4182
2925
3123
6168
2483
8258
6517
5156
3285
4781
2730
2767
4636
15450
2475
2113
2513
4077
4190
2171
2491
2663
11895
4847
4390
5437
6640
4194
5434
2339
2162
8179
3095
3166
7691
3181
24660
2181
9530
-16790
2376
2770
3937
12967
14545
2479
2698
2660
5969
3361
5632
3339
3913
3193
2132
2599
3963
3135
2520
3573
15592
6073
2461
3674
8058
2175
6939
2453
5206
2156
2072
3095
2622
2432
3905
2748
13416
3824
3040
2085
3559
-22049
9217
2645
3423
3377
7254
32208
3325
5400
2557
2886
4560
2614
26341
3709
18089
5082
3382
11078
6428
14925
4936
2054
2848
2960
5399
5245
3187
4337
2634
2448
6666
3776
2134
2552
2341
2518
8685
2617
2384
9144
3837
6905
4675
3508
2599
4344
15435
3545
3636
14641
4597
2137
5801
2077
2235
16596
2552
6063
3643
5610
7839
4395
2439
4003
-28017
4697
2762
4166
4375
4460
2943
3019
2297
-24329
2902
7346
8822
3989
2054
2310
3393
12545
2403
2120
3737
3270
3338
7702
2546
3352
6891
3825
-22083
2154
7705
2795
2055
4792
2947
2192
5568
3562
2236
3983
3135
4919
6901
2422
8810
5484
4319
17848
3579
-30665
9138
7235
4988
2262
2567
3147
2813
17049
5086
3072
2070
16591
2726
5511
8376
2649
25653
9883
3589
6486
6253
3588
4265
7739
-17189
28077
2146
2903
4181
4571
4806
6195
14010
2764
-1708
3008
18400
2282
2638
2095
7753
6131
-32196
6761
9619
2865
-25004
2176
2738
2146
2836
2203
7312
4030
3810
8245
3096
3118
28272
4798
2783
3895
2100
4267
12583
2436
3426
18324
2558
3674
10307
2849
4066
7464
3002
16709
15607
21382
6365
2139
3754
2840
2138
21095
17737
5888
2902
11140
3695
5357
2155
21410
23199
32294
2389
2938
3737
2550
2818
10346
2278
4041
4758
2180
4406
13859
4156
2678
2334
2878
-5154
3370
4599
6337
3224
3579
2188
2703
3362
2827
3731
2319
-28920
2065
8446
32318
3795
7166
3638
2053
5200
2247
2448
4068
6064
4436
2902
3255
2979
2370
15473
3324
17863
5434
3446
2835
9935
3783
-3081
2232
2360
2554
2110
3127
2833
3447
11239
2951
7382
3306
4335
10795
5745
4235
3938
2223
8712
3465
3767
13521
2571
2093
4092
4043
12879
2751
2612
3506
4992
2565
10071
2867
3168
-9357
2262
16380
3302
8115
3260
2655
18405
2771
12016
3163
8141
3188
2289
-7145
7909
2534
3330
2082
4457
2287
6716
6514
3980
3403
10339
8674
2391
8436
3175
2946
2311
3431
9953
4481
2913
2946
9489
4284
2495
10089
3744
2635
2501
2117
7989
3477
2076
3692
10705
18538
4084
2302
3708
21437
12223
2880
4369
3739
-15270
5689
4798
4453
3910
2285
23538
10708
2179
2826
2284
3234
4894
11391
2495
4156
10376
3706
3107
5467
2655
3179
3638
8535
17746
2674
2288
16031
2050
14871
3168
-22209
8702
3775
3354
8658
2617
12780
2818
2465
3156
3091
2239
3516
2231
4076
8773
6588
32078
3740
2133
3330
4905
2277
2066
6700
4093
2698
3969
2392
18674
3316
13226
3237
32298
6090
2534
6150
3656
2206
4327
2636
7464
7595
2153
5641
2351
3639
8293
10256
3546
5002
3927
7848
8186
2196
8781
4733
2592
4745
5424
2511
5402
3141
2166
24071
4995
2172
6097
3113
2711
25689
2201
-16050
4689
2957
21784
3585
5118
8550
3234
4425
4306
2526
2065
6448
3567
-7642
5577
12682
3559
8708
2741
2115
2225
5706
3705
2229
9714
2996
11914
2074
2921
2557
2725
2784
12614
2392
2671
2645
2077
7609
6206
3649
3903
20160
14202
2086
23852
2230
26597
3095
9616
2368
3189
2327
15584
2840
3938
2476
4800
4882
2211
2575
-25218
3244
28562
3927
4633
12296
2459
4365
9253
4473
2265
2943
2206
2510
5188
2548
4447
7178
4152
4660
5248
4449
4579
3665
3108
10958
3024
11377
3726
3683
6233
2617
4091
6216
2057
2855
2201
4620
9618
4632
5914
3441
4345
2153
2298
8169
2360
5579
4298
6586
9511
5128
2362
2964
2749
6255
2752
2917
2200
20256
2349
-31650
2891
2477
2251
6452
3306
7496
2670
4705
4307
2727
4909
3770
7233
5976
2659
2254
3610
4051
4994
2455
2845
8279
-2319
2228
2946
2384
3466
9427
2420
6479
3362
2093
2298
2782
3330
2288
8642
2125
2109
11476
6802
2216
2952
3754
3323
3594
2432
6920
5000
9003
14135
14546
2716
9051
2121
4157
2490
2852
5184
31379
4491
7268
3250
10573
3756
12354
2438
30311
-9725
4728
2959
4513
8633
-21163
3086
5706
2657
16039
3489
-24753
2368
5040
3220
2877
2663
14620
2574
3079
2729
4204
5069
3543
6006
10477
2831
3555
5085
-32433
2344
7095
3828
18140
2771
10283
3217
-32007
3466
4912
8019
3994
3797
24764
8005
7273
3486
2302
7157
2411
2074
16353
5021
2140
2848
3758
21907
2484
29900
3695
16615
4146
4940
3466
5598
2434
4536
13661
2187
3493
9420
5075
3194
2090
4035
6380
2412
4257
2241
2894
2865
3138
3899
27221
3297
2894
3621
3859
4741
2759
5458
8762
5271
5337
2500
2175
4160
2273
4033
4107
21266
4225
2652
3233
2349
2117
12631
3351
3381
3190
5114
2784
3869
2112
4840
2169
3605
2419
4401
2049
2671
2764
3005
4192
12845
10583
2994
-28926
6679
3243
13950
14546
3131
2585
2703
2659
19758
-10132
2870
3028
9529
5930
18380
-32346
3797
4484
7174
3976
4020
3512
2059
2230
2233
2173
4107
2955
3440
3583
-19921
7036
7709
8088
4803
2564
7411
3587
3578
3586
3174
2555
3563
14124
2396
2667
4021
5394
3534
12695
4561
-29224
5633
3663
2737
7712
4315
2459
22777
2346
2382
10512
2226
2159
3047
21150
3405
7025
2656
2715
8447
5275
14540
5078
4565
14616
2260
4092
2522
2375
2393
2521
5640
3030
5804
10471
18240
9260
19510
2406
2225
3524
2339
3325
3032
5134
2121
2277
2518
3071
20131
5572
11539
3005
4057
2294
3051
11747
5202
3814
6902
3795
4573
3155
14732
6039
2503
3698
3574
4474
4080
3576
4681
2427
2618
7932
9669
2686
2606
13380
4432
3062
3557
11518
11659
11687
2436
2062
2634
2418
6174
7146
3449
9520
4391
9983
4823
18102
3190
3134
2109
2647
5445
2707
2596
2980
2363
9286
13582
2446
9357
2262
3218
4653
4380
3249
3726
2204
6392
5795
2643
3905
10607
25796
2981
2850
4348
3053
3897
3224
20150
6712
2068
2096
14534
3064
6958
3087
2220
6381
2261
9137
9236
15242
2425
2409
2151
4156
10006
2582
7932
3027
6224
4669
9287
3722
4062
19851
14049
2414
3663
2598
2366
2230
2890
3448
6206
3356
-30681
6099
2611
2379
2906
2109
15603
-25251
2576
2398
-25983
2420
2522
2813
27733
3148
2185
3507
2584
13396
5348
4989
5399
2934
2124
2433
2443
3320
19272
-22446
28510
6562
2163
7379
3318
31951
-1604
4086
14009
5687
4513
21816
-25337
2168
-6233
3424
11643
2458
2627
3776
3492
2383
2181
3693
13478
9242
4131
-635
2254
2316
4446
2155
8916
14293
4831
6631
2115
6614
4293
21316
3606
7055
2780
2508
3990
2360
-21901
2320
3278
6420
2398
3415
3046
8160
2817
4834
4102
4290
19057
2790
2140
3460
2494
7360
5600
2904
5342
19150
7289
2309
3582
4125
10162
30837
7801
4972
3322
2994
12926
2821
30291
5160
2111
4995
2344
3118
4826
3992
3717
5975
6571
7930
2357
14794
3805
11669
5815
2077
9297
5433
3348
2632
2641
13773
3753
2941
2427
2933
2492
8711
2448
2933
2071
15380
2725
2071
3382
20662
3393
4993
2590
4770
4867
2384
4013
2990
2134
2357
5834
5008
2699
4664
2223
5984
2562
2108
7349
2285
2482
31029
15607
2538
2526
30265
20208
4358
21451
2444
2871
9955
2909
3665
2762
2418
5553
10069
4064
5786
3306
2683
5279
2419
2141
7532
2230
3423
3757
3563
23545
10452
2344
3051
5977
16798
12887
5715
3687
2261
3075
2878
10007
7339
18682
6930
4389
2657
2433
5437
5312
5197
2061
4749
3291
12521
2257
2756
6448
4940
4443
2234
2203
2169
2359
-26366
-19442
2898
5038
10970
4678
3587
17718
3657
4896
3472
4683
2931
17482
8838
5041
5834
5300
3254
4795
26015
2607
3593
2265
3236
3291
3585
2449
2779
8571
4263
2622
7063
8508
2366
11718
18614
11294
5371
2412
2658
-22348
2802
4754
2318
6701
3177
7758
3792
6231
6989
2583
4621
2505
4476
6547
9812
2626
3226
11859
3094
6424
2712
2168
4444
11011
8390
26451
2062
5070
6211
-24187
2297
4790
17411
2055
2996
5922
23744
4082
3598
16493
4437
16315
2247
3109
2460
-27859
2111
3560
6587
3179
3363
3037
2869
2216
24797
4387
-23347
24085
7983
8378
2244
31683
20493
3027
9557
7699
4568
4958
2114
4458
4384
12349
2263
2631
3708
3022
2732
2366
7968
2866
2186
5919
6868
16242
6352
2086
3847
3272
2790
5141
21580
6863
6600
6875
2444
6883
4456
4129
21744
2787
3020
3055
5513
3426
11259
4594
4635
7846
2054
12040
11825
2989
10464
4052
3621
5954
2807
6344
8099
-12748
2390
2700
9257
4893
2218
2119
2403
4945
6495
2642
2387
2109
4217
4371
-25877
2541
3447
2565
4557
8824
2220
2332
4789
2956
5537
4320
2472
9071
3803
5219
11786
2598
6296
9182
2300
4596
2213
2772
2926
2241
16916
2855
2453
4161
2083
2511
2531
5194
3483
2255
5117
2602
3696
6363
3492
2428
2219
2637
4091
8728
5539
2280
6374
5790
5464
2162
4412
18565
2919
4733
2901
3852
7929
3899
-13760
3869
2080
5447
7719
13208
6530
4907
3040
8164
28445
8949
2476
2466
3889
16844
3965
4227
5022
2081
14344
2315
5944
2538
4874
3483
2125
7753
2459
2803
4788
31390
6379
2094
2642
12021
-6531
14023
28135
4893
14294
8706
6910
3170
12835
2049
5482
4986
2945
-13649
5630
2092
15548
5002
2290
3171
6031
2139
2448
4012
2125
2580
5976
5320
2242
2904
3277
4454
2487
2759
2554
4679
2253
2962
26856
5717
3830
2258
2988
2998
2499
4254
2767
2589
25287
2254
-13415
6181
18373
6636
3421
7723
-32574
16804
3372
4222
25301
2114
2698
5827
17043
7362
2130
5075
2988
4097
24347
4010
2981
5948
2239
4475
5939
16752
2381
5457
5394
7619
2494
2884
8030
2961
3529
17152
2776
3174
2512
7155
24089
2097
2389
2347
3151
3962
2632
10472
2653
2109
-13130
2251
2620
7312
19149
2492
2569
2101
19409
2584
5482
4895
5032
5838
5628
4225
2586
4203
2320
4006
5647
9086
2749
4239
11809
2475
4099
16409
7965
2203
14083
4880
2779
7449
-30132
10638
3287
-31469
5860
10223
5451
10770
18693
6905
4030
8528
2144
2227
2463
5705
8021
5098
3418
3054
3582
4602
3175
6371
2238
4477
3198
2577
2338
6231
3064
3347
2284
8160
2354
3201
3113
4276
3763
6677
4418
8058
2597
3589
4723
2139
4349
3883
5037
14311
2431
2292
4530
6538
11612
2668
13715
2967
-1654
2878
3324
19360
13154
5030
7985
4537
4592
12261
3206
4755
7217
2530
4477
9815
10021
9237
2103
-17542
2571
3949
7341
2533
14971
2678
2778
3043
3673
3279
2359
3590
2413
6797
3435
32146
8530
9015
3160
2337
3092
23303
4731
3535
4298
4427
2052
18697
2266
2764
6208
-31729
2057
8126
7036
3714
7139
22545
2127
5275
2558
2248
2142
9653
2889
4103
6393
23439
4806
2517
2141
2118
2684
6615
2257
5690
5929
5836
5162
2668
7150
2344
4357
3132
3025
2522
4488
3428
2066
4617
4085
-30406
7806
2705
3363
3907
2927
24235
3984
3691
4152
3038
6365
31334
3207
4921
-7426
12642
4637
6263
2576
14253
2710
5680
-9605
3573
7205
6979
3371
2101
4717
2766
2462
3578
8301
10023
3942
3156
2382
2829
21526
7059
4712
4379
5356
23163
2708
4096
2101
7018
14948
5086
2397
4490
2911
2960
5040
3644
2844
7763
4645
2878
4432
2796
-30237
2519
2077
4295
3352
3252
2741
2297
7188
2938
5472
2835
3294
5140
2445
2222
2178
4824
9537
3975
2248
5930
22837
5701
3560
15398
28641
4838
7563
3454
3095
2186
3308
4278
2080
5754
5302
2867
2312
5097
2688
3353
4376
2701
2122
5380
4434
8970
11015
5673
3591
16655
11662
3702
12342
-18305
3705
2239
-29025
2522
20048
3909
14186
2054
7173
5259
2476
2867
2918
9877
8428
2544
3881
4384
18965
10356
9570
5957
24122
23273
2350
3869
2499
2702
9399
5515
3117
2625
12564
2889
7797
5573
8184
3382
6181
-25844
-15942
4032
3863
28803
-15822
7042
6396
2792
5880
4341
2150
3420
2096
3778
3079
4715
7525
3187
13453
4137
2889
11388
5690
3927
3830
5036
5684
6969
21822
14200
2825
7586
3110
4472
13510
3468
12398
6737
5148
4561
5537
4479
2763
3120
3096
6857
2406
3128
2264
18313
3276
7186
3554
2525
3349
2565
7625
6375
3369
3765
2895
2416
2355
3523
2177
14946
13190
11964
2589
2690
2455
3236
4750
2277
2250
19644
5038
4750
3676
2299
3688
30698
3117
2894
6782
8450
2861
9984
4261
4267
2576
2553
5166
9881
3175
2270
2192
8067
2446
3771
2313
7479
3374
4544
2059
2393
5365
4108
2577
8181
2111
2653
2656
4955
4476
2861
3224
2352
6889
2295
3930
2465
10066
3111
2893
3470
-13412
-12869
3282
2222
4395
2692
3241
2779
14806
3554
2600
4106
2473
2249
2690
3565
2697
8550
2975
2345
4834
6892
2714
3095
3511
2753
4128
3994
-8951
-21223
3268
2712
28145
6305
2649
6386
11337
3967
4154
6155
3962
2492
3674
2282
5037
3231
4100
5342
13679
2743
14662
2452
13425
3892
4913
2107
13478
24353
8467
3575
3823
4983
3541
-30950
2607
5149
2504
5341
4274
2740
2700
4819
6783
2335
14267
5917
5936
2622
2378
2103
2298
17374
2814
3337
-8568
8184
5104
6551
8197
2438
14003
3689
2985
6559
9267
2222
2170
6880
8704
5025
2151
15905
5681
2065
3878
3691
20354
2328
6144
5332
2340
2726
5547
20808
4164
5372
7121
25737
2611
4630
4645
3630
4835
5925
23119
17968
14564
24985
6226
5630
2458
2049
6233
4502
9519
8729
2557
4631
3744
2470
2340
2271
2992
2172
4156
6691
3768
4630
5609
8482
7337
4216
2471
9241
6926
2729
5893
6455
6782
6453
2870
2346
5327
11147
3314
7311
20135
8057
3358
-28248
12971
2432
24190
3897
4200
2076
3911
3477
2437
-17301
3628
15873
3818
4480
3876
5832
2347
9085
4369
4301
2531
2780
2218
2854
2414
2417
3320
4533
5023
3950
2270
2187
3700
2283
8388
9414
2517
2143
-27140
3457
4148
-15573
2377
7653
10401
2097
2262
2362
7710
2468
10560
19997
15827
2515
4855
2230
14534
6202
9093
2562
-30294
7075
2074
5554
2523
2331
13454
8784
7596
2799
6262
2750
2834
5937
2685
2331
4458
4478
3431
14465
2886
2928
10265
2461
2406
18994
4956
9810
2710
2393
2681
2521
7177
3977
3721
3498
5806
3614
10866
2831
8072
5849
16366
9993
21827
5934
14995
3726
2955
2126
2684
27111
5450
7820
3203
2456
2279
4995
4297
5056
2510
2976
2592
2436
2201
3348
3554
3686
10915
3745
-19991
2081
2668
5119
3444
4678
2076
3985
2517
4020
2970
2671
4218
6341
4575
2722
8467
4060
4352
4941
6436
8879
2360
2857
2238
2360
4919
6052
2285
2127
18565
6338
2430
4671
10688
2973
3792
3331
4901
15861
2779
16976
2217
2208
2317
-12096
3163
2257
7126
-28016
2936
2514
2250
9772
4092
2765
4688
6919
2406
5083
7616
2330
3086
9072
6051
6840
6044
2705
23458
3608
2955
15395
10662
5091
6233
2314
4212
3990
8269
8050
2270
2665
2073
7939
2281
3638
3310
-29173
7642
2183
11941
4858
7836
6710
12726
3540
4001
2437
19798
2437
6737
3337
13565
2223
29571
20501
7185
3149
6209
3665
5801
10964
3101
3210
2723
17123
6049
7643
2675
10094
3266
23961
7484
2755
5605
2097
2851
2119
5672
6969
2140
4055
3675
8496
5803
10944
2858
5836
2862
8475
2922
2087
4811
3953
7936
7477
6747
5730
17183
8068
2854
6895
3624
3535
11348
9329
2159
2147
23308
17444
4720
8621
3801
3944
3459
5670
2109
11648
4720
4160
2315
2171
6912
2682
7636
2192
2549
-32074
26110
2840
2489
2204
6935
2435
4104
4831
2511
5522
7359
8929
11701
2871
2052
4139
3147
4959
17301
2861
15102
2664
2095
5666
2680
5112
3241
2435
15306
2099
2462
12832
2246
10546
2210
3829
2578
2418
4285
3274
2246
3148
5416
9375
5505
5991
3275
2649
3108
10680
2311
3988
2990
2726
2518
-18188
10091
2098
8735
-28461
3130
5586
4806
2429
2200
2186
7879
2919
3362
5728
-31571
-9120
2622
2786
2559
2916
2848
5489
2130
2460
8797
3472
3625
3119
26591
7808
2055
2654
2766
3220
2138
2246
2181
4105
5429
4578
5896
6779
4975
2983
3187
6988
11140
2750
2138
7828
4801
7346
13179
3724
5186
3452
12836
4439
-24986
5660
2203
9469
9068
2663
4729
4070
21040
7116
2138
4444
2485
2454
20905
2851
2654
7599
26488
3297
-15083
3877
31459
8542
3989
4886
5191
8441
4033
19293
2253
2590
2365
9463
2766
4680
2465
2924
2163
6988
29232
4988
4986
4533
5056
2622
2253
6392
2983
3371
5004
4087
3401
8154
9147
7968
2413
3328
3164
2215
24606
9653
4301
5825
4656
7075
3766
12491
4274
3991
5772
2590
11081
3143
2172
13165
2691
2670
4574
2346
2193
4669
3689
5782
3677
3097
18826
2813
24708
2317
2436
2207
-26575
2884
22862
2122
10470
3694
9594
2806
4602
3624
2508
2628
3630
3069
4385
4456
2062
2875
3584
2881
3709
17078
4633
3610
3547
2867
5694
21743
2314
8715
16478
3547
3209
2520
3002
6998
2482
8294
2254
2229
2414
3807
3605
2794
2626
3492
15118
3648
9749
3867
3822
22056
2240
4594
2902
2069
4140
3782
6764
5372
2768
10876
11988
3428
5616
6139
6990
6098
3479
13285
4669
22747
2154
6894
3013
3199
9522
4224
3225
4236
7705
3087
5406
2121
2673
3116
12774
3642
4157
4989
3697
8807
4177
9216
4328
3876
3222
16395
9436
20109
2505
-26775
3352
13200
16244
4723
5150
8055
2258
4203
9687
4002
2862
3155
15320
2387
5726
-22049
9551
3769
2111
13765
2077
4386
9623
3786
5631
18344
2133
5784
3102
2350
2633
2179
10952
3878
2920
4527
19497
4718
3217
2189
11741
2607
4628
3161
3303
3299
2445
9884
3296
2145
8231
-11626
5364
2786
2392
13307
2965
4053
7457
2362
13745
6372
4169
14427
2723
3572
2080
2527
3380
5083
12145
4332
2446
25336
2173
4343
16386
2174
2237
2166
23362
2969
2541
2321
4183
3450
11543
9308
3951
2067
2752
5150
4979
5894
2088
9246
2143
-25368
12958
5652
2593
3888
7395
2323
2289
3422
5360
2934
10691
13453
4331
2860
-8763
18480
2084
5672
3814
7317
4242
13694
2055
4719
4449
3953
3056
2682
7042
2315
3511
6894
2175
3277
5918
2068
9010
-17791
13138
-30302
9799
3138
6239
4491
9148
2715
9140
2314
2815
22398
-12805
3353
19849
2120
2812
-25425
3610
21346
9899
2305
2455
4899
5631
2399
3868
4850
8094
2174
4306
6323
7882
2138
3515
4295
2270
2446
4333
2224
3844
3421
3066
6996
20546
3182
2170
2072
2912
5916
4019
3584
2201
12587
11992
10942
2440
2329
2396
8946
11459
6597
3291
17685
8052
3890
6962
3016
7667
5188
7009
2960
4282
3040
5895
3481
4073
2225
3692
14604
2435
13743
3014
3424
3243
2260
3410
2589
2243
15039
8177
6974
4723
15635
4274
2963
-6924
2259
2503
2379
9290
15562
7143
11353
2715
5304
21673
6488
2289
5221
2832
2203
2414
2469
3700
-28461
3267
3249
8600
3274
2641
4876
3213
2287
3094
3511
2360
4684
6987
2890
2049
5604
2917
2051
2145
5318
2856
2640
2539
3592
15858
2763
5957
8770
3130
5602
3533
2286
4732
3299
2638
2861
4167
26093
18864
2761
5872
10152
32030
7064
7813
6120
2666
12649
2399
5719
2144
5529
15803
2386
2341
3373
7191
19095
3104
2332
7050
2268
2048
3852
17789
2312
5375
9660
7074
2421
2930
2616
3327
2785
4024
17915
2611
10781
4990
5007
18790
3142
2153
9112
2568
3310
10906
3909
6291
4592
9014
17189
4541
2392
2327
2533
3451
-28461
5573
3118
3976
2101
2991
2054
3602
2111
6001
3117
2071
8033
14192
-25258
7409
2191
6466
9430
2324
2050
5012
6594
4508
3111
6417
10670
3159
24355
2407
2713
2047
3645
2537
4508
4908
9769
2350
3118
5146
2401
2287
5306
2209
2682
2829
3352
14583
5089
-26439
4294
21472
2513
2500
5175
3762
11907
4853
8032
4985
3973
2238
2740
2130
2128
2290
2436
2249
3494
3038
3768
2454
2535
2171
2898
24937
2473
3568
10531
9995
2887
2406
4288
7047
2182
2597
2198
2674
3067
3663
2375
2272
3399
15700
14154
2879
5363
-18967
5909
2342
14226
5610
3077
2938
2197
4576
3113
26458
6663
2144
2125
2155
2285
3732
9357
2207
3090
2845
2066
2458
2863
2255
5568
10726
2181
7978
2064
13755
4949
5945
2934
3874
2223
2966
3858
7219
9146
2118
2452
5461
2377
7880
3593
3520
2363
2533
-14831
6005
6621
4506
5010
2880
14573
4222
2614
3227
6770
2939
4358
6176
10073
2585
7159
2946
2226
2537
2307
2372
3860
6717
23414
13291
18037
2322
-28548
3841
4410
2465
15149
6853
2439
11478
2370
3779
18248
6955
2467
3826
3975
2684
2382
2366
2914
3172
2104
2299
3152
4762
8403
10085
3938
2898
2053
4065
8107
5320
24379
2474
13187
3270
5856
25729
2340
9282
-32695
14985
2271
18566
5833
5677
2507
2220
4029
15784
3025
3494
4383
7011
2394
4722
5372
7739
19723
13108
2383
9559
2566
2563
9319
2561
3065
2902
9431
16602
2825
18173
2404
2180
3055
2099
2308
2213
4851
3637
2959
2077
5600
6704
5453
2864
2259
4643
6049
8158
3677
4351
5793
4162
2052
2712
5175
2421
8320
18059
4217
2116
7310
3005
2525
2653
3357
5697
5450
10406
2175
24419
25793
5490
2063
2245
3449
30649
5753
2223
2893
5952
6731
4428
2609
2736
13561
2357
2131
2121
4305
3487
25496
2959
7433
4383
3543
3779
6630
4469
12270
27617
2743
12961
20763
2496
2239
3194
2855
2911
2788
16825
5677
6366
2831
2591
4833
2816
2266
2415
2150
5554
4853
13030
2908
22082
5493
3303
11798
2213
4123
-8182
2352
2841
2135
2926
2351
3073
-4222
9610
8871
2067
2276
2653
2310
3155
4402
4972
2584
9851
2194
8666
4000
11634
2204
4636
4439
30448
5243
6157
9485
2147
2070
4714
7788
7357
2070
2788
8238
3631
5630
2335
3501
3349
2552
4835
2428
12988
14542
9069
2654
-22152
4252
4529
2794
2591
2502
3370
4310
2565
2105
2814
12552
2263
6179
2724
4565
5359
13416
2628
12918
4739
6392
3226
3239
2442
2866
2606
-23454
2214
16372
3697
3614
2839
2763
8404
5036
24527
2416
5540
3676
6984
2541
14699
2076
2210
3655
2156
4244
2305
3693
4640
15711
12480
14398
2069
7379
3144
2054
3834
6656
2097
4330
21608
2669
6838
2493
-12211
4133
2466
3128
2228
5858
2403
3337
7988
2523
3318
15381
3212
18033
2310
3597
4736
2555
3857
28223
2906
6680
9705
6529
15081
2760
-15438
2096
5763
4595
3534
19793
4112
2212
2184
2592
-14302
11035
2225
2580
-24533
2499
2358
2274
3015
4815
2735
7998
3016
5193
7307
7177
2553
11642
6273
2727
3400
2610
2256
6674
16886
5306
2631
9196
2606
3520
8747
4871
6762
3507
2674
7628
2053
2942
2707
2965
5066
2889
-28178
7120
-30635
9376
9409
3121
2241
-12679
4835
4433
3583
4145
3447
2762
3929
6115
3181
2100
2843
5003
3068
5467
2121
2236
3989
4883
7239
8982
2535
2411
6776
9947
2483
4371
2180
11412
2243
5337
21269
3777
3489
2556
5570
15053
2619
9194
2539
2125
2883
4878
7487
18045
3858
2171
4767
8159
7374
11053
2281
12130
4614
2105
2376
11446
5370
4875
3059
-374
2375
3154
4046
3396
2542
4079
2807
6363
2255
2115
2152
3132
2849
2601
2232
18417
3533
2053
8730
10478
2483
4304
3422
5720
6520
3077
-30617
17844
2099
-28883
7253
2706
2788
5013
2395
2071
31008
2647
2830
9281
9264
5711
2100
9632
20093
2403
8094
5776
2739
3990
2236
3880
2257
2791
2212
4370
3315
3357
3589
13554
6703
9328
6156
8423
5766
3898
3136
15987
2552
3678
11701
16152
3768
2070
4879
24125
3023
12335
7474
2644
23211
14237
4988
3182
2233
2561
2223
6938
4359
7639
8554
2118
2209
3512
3832
-22180
2837
2654
3443
18011
3034
5820
4170
2667
2969
6750
11140
23974
3102
7343
3046
18985
5084
5191
7403
4551
8620
4512
2592
2466
4519
5389
21123
2799
2235
3060
7417
2833
2138
4573
2657
6533
-25049
6382
2058
2458
8183
2889
2061
2109
3014
4675
5583
9853
3793
2371
4345
3661
5310
5543
2612
2055
2924
14827
4221
9259
2882
2710
2049
3272
3118
3194
2306
5376
2162
2498
4514
4980
2200
2205
2875
2193
2099
3940
4531
22728
2846
2412
4117
2446
2161
7682
2690
11890
19854
2228
4993
4431
2182
2350
-22276
-17110
2791
12781
2835
2397
8499
8143
3238
2211
7468
2270
4463
3779
6898
4352
32242
2208
7276
7683
2073
4386
2123
4032
5249
14240
4905
4150
3850
10236
16196
2632
2591
3144
2402
2506
5391
2960
8219
2261
2613
2097
4972
25317
2614
6596
8946
2928
3006
2444
2076
18012
4113
2394
4081
6713
2922
2679
3924
2065
3110
11960
3502
21587
3191
3872
2390
13242
2563
2976
3027
5836
4135
4732
2274
2150
2098
5098
3036
2846
4787
6234
6556
11003
2533
2076
18199
2809
10314
4310
2061
8121
2213
19138
4373
4134
5476
2154
5573
6402
3050
8583
31192
3226
3244
5069
2318
2213
2514
2728
3907
2871
2220
16912
2183
2869
9246
-30748
2133
3961
5710
7691
4363
3931
4196
3220
4879
3663
8260
14957
2758
3128
3567
8729
2838
2421
2387
2791
6223
23088
2795
4389
5906
2318
3358
6311
2221
-13734
4432
4690
14981
2395
3815
4306
3765
3515
20628
4770
7728
9217
2127
-29688
5569
3691
2344
2621
2271
3207
11174
2531
6795
2499
2863
2181
3147
2480
2151
8709
6781
8509
6448
4015
16050
3379
6563
4577
8327
3913
2531
6851
-12010
2634
11641
2096
3827
2086
3294
6017
2428
3558
-17674
3179
4858
-30031
2387
10226
3533
4858
2102
2050
5507
8767
2275
2271
7344
2167
6327
5595
14740
-17609
3886
3480
24399
2242
14063
3003
10740
3066
2899
3637
6762
6495
2274
5571
4805
7046
2066
2333
2128
14553
3778
9717
3239
5718
5806
4172
7485
6317
3745
10870
6309
2263
3878
9974
2142
2455
2971
3218
4036
6496
4782
2210
26395
4947
2561
2616
2274
2335
4231
4273
6294
3905
13158
2087
10067
2307
14472
-30262
2253
3441
4353
22255
6599
2643
17476
3229
4961
2769
2330
8953
2330
3155
4168
2430
2431
3283
4412
7144
2192
8258
2100
2073
9935
3255
11822
3066
5051
2192
6438
20445
2127
15874
3477
2422
-22005
2672
2603
2123
3714
5429
3823
7670
2489
2082
6139
7507
2771
7446
5158
3668
18591
3335
3836
25409
3736
27486
3090
2893
2434
3340
5773
2644
8857
2857
2755
4616
3044
2403
2491
2306
2421
4289
3345
5325
3100
6161
5724
6602
3605
13329
12179
3004
2079
15422
11284
2887
2387
3265
3346
10237
2619
2889
27860
2659
6383
3536
2159
6304
12342
2567
2255
7048
3506
7111
7276
2786
2087
4881
6466
3335
3261
4085
2531
2716
2688
3832
2608
4454
15924
17027
2105
3053
2461
2155
-7651
-23747
3360
5242
8158
25473
4456
2315
2515
10694
4294
3229
5465
-27047
2935
14117
4809
2188
4332
4582
2381
3664
7374
12726
2284
19304
2518
2060
8023
8108
3029
16975
2202
5349
3061
12144
2328
9028
3969
-9224
23177
2873
6094
4091
9681
3255
4942
10185
2539
3674
7487
11093
7798
3217
2686
22824
10795
2439
3943
15714
2518
2575
2406
-18765
10291
12367
4766
17457
6137
5000
5110
4538
2060
6153
6209
2242
2277
2416
2553
6949
9526
7822
10876
2444
2335
5387
5512
2491
4338
2444
5173
2656
20343
5060
3278
4828
2505
4169
2054
9833
3704
10619
11029
3363
4259
-2271
3030
7023
11968
7218
10093
2506
2174
17321
3652
2662
18415
2408
8114
2183
3078
13827
3769
2518
9821
2769
3680
27234
-28549
4979
10401
24426
4434
4516
2141
2236
2430
2388
17550
-27165
22528
13289
2471
6004
11194
5398
5506
6273
2642
5920
2310
2261
4377
2189
5714
2889
16184
2112
4061
7989
4359
3290
6485
7014
2813
-19490
5750
26084
5911
7925
2173
4516
12532
4231
7150
11042
3552
4742
3357
6354
3704
9340
3230
9263
2817
6527
2939
2475
14731
2436
6281
2620
4259
2521
2459
-15290
7236
4461
2704
4695
3607
3517
2982
3740
5227
6940
4307
3014
8605
2386
2416
3769
3806
12234
3989
5418
3164
3963
4259
8422
2417
2156
6512
7083
2223
4542
-31318
-31004
3094
3343
14189
7916
5952
3453
2713
2258
5282
5336
2704
-32177
2464
2248
5550
5379
2165
2248
3106
5796
-29312
17330
4954
3160
11364
28984
2053
6992
-30319
8219
7079
4415
3492
2876
7860
4091
2490
4335
-26949
12693
23065
-31131
2054
7818
5208
3190
11540
3484
2410
2207
4038
12103
4047
4694
2402
3155
15985
4264
4338
3992
2138
9682
6614
10718
3710
13889
6815
5646
2230
4562
2075
4034
12989
11076
3288
3705
2158
28188
4019
-22267
2909
4548
2506
2179
4859
3034
3465
2735
2059
3406
-29005
2344
27200
2921
2447
-21271
4007
2446
-26389
4941
4176
2721
11943
3424
2437
2298
7513
6241
2210
26716
2501
2051
4359
2280
3644
5846
2479
3662
2375
2195
2596
4511
12095
-25420
2097
4059
4172
21564
5393
2528
2611
7086
2429
3426
2676
3010
2543
10843
3283
2264
2232
2841
2943
21450
3211
-27339
4578
3277
2950
2431
3454
-23601
3116
3992
3053
2176
2934
4009
4219
4080
2982
4345
2343
-31988
6663
15239
8526
2255
10185
5684
2958
2991
2808
3154
6465
5395
2594
21276
17064
8515
10107
2288
4440
5037
12064
3992
5536
10913
14051
6818
3921
2524
3244
5149
2530
2850
24294
3060
2369
2372
9523
2316
3732
6492
17160
11289
3476
6349
3371
7062
2197
-31346
2928
3527
8824
2269
6060
7193
2249
3424
6044
3468
2133
4527
4535
3687
20886
3592
2663
2070
18220
4634
4489
-15747
4728
8951
7547
2941
5201
8157
24687
10382
4739
2328
5174
2161
2268
23134
3935
2301
16570
3243
3299
2445
2661
6021
2113
3081
3031
4764
5637
7750
2136
2658
3774
4286
9539
2987
6496
4342
2758
4482
2928
3502
2647
2449
3118
3848
3289
-25170
4722
18026
6757
4935
3166
3359
5589
3036
3737
10670
7399
2141
3973
4913
2901
6014
2590
2872
2974
2517
6525
2484
2242
5288
3320
2248
7293
2136
4896
2682
2451
3062
3324
2837
3310
3216
4264
4885
4009
3274
5427
21594
3233
2381
2411
11348
6980
2125
3217
6124
9617
6465
2845
3261
12471
5395
5952
4111
11186
5285
8250
2918
8069
-8446
9873
2329
20998
2223
2254
2425
2112
4414
4230
8464
3345
10147
3312
3047
2061
6492
8724
7249
21684
6647
3913
3714
2272
14120
2115
10396
4879
2476
2717
23881
3912
7335
2333
3712
2272
12988
2962
2788
2905
8611
2130
4077
8917
2958
2813
2078
14543
2471
2768
4155
2272
7042
6325
2739
9184
4768
2106
2164
2507
3675
3946
2337
6280
4376
4457
2434
2352
2110
2303
5205
3469
3373
4214
2068
7351
30696
29104
13783
2204
8209
6154
-15239
11296
2418
2689
5502
2583
26013
7576
13263
5709
8747
3861
13672
2723
3768
9058
4394
2716
3766
3473
10010
4279
2802
10432
2340
12699
28196
3092
3264
2552
4667
6642
3774
2203
16381
4748
3425
19478
4173
6695
2762
2257
10691
2101
3170
3587
9660
3498
2270
4429
3128
2692
6666
12198
13344
5935
5733
3837
3546
3961
8040
2693
2332
7378
10613
8287
10235
4355
2385
4319
9667
3497
3655
4462
2832
2272
6453
5424
2272
3961
2618
9182
8476
6796
5037
5409
19523
4057
12323
3821
6756
3606
13290
3100
2355
7138
2592
5425
3114
23305
2670
2508
2100
11884
3153
4509
2768
5562
12648
2141
6540
2387
3322
3266
2223
2322
2056
3624
2693
-16715
5404
2112
2306
9620
2128
3493
2646
27997
4063
2211
23090
2742
3588
14733
-28781
9810
4637
5276
3065
15615
3030
30730
2738
3043
7996
2830
2243
2169
2618
3126
2956
5794
2799
2403
-31650
2511
2550
2830
5150
2571
3281
7447
2323
2156
4329
2241
5705
6161
10265
2911
2187
7174
4290
3513
-22003
2207
16341
4676
2322
12043
3411
2268
4653
22901
4381
5353
2211
2731
5619
22776
9289
22167
8931
-27164
13934
2135
32362
4876
2242
3200
2558
6396
2580
5557
3662
3122
4874
23663
12773
-30540
15867
6545
3183
4410
3249
4333
2671
2772
4662
2958
8584
2567
13742
3711
2776
19204
2070
2085
-20240
10926
26168
30578
9000
3548
2159
5013
28571
3743
4256
11792
16708
2892
3732
2322
3533
3876
4124
2281
11966
10360
6639
4028
5216
20392
30915
4438
2499
2104
2058
10226
2147
11670
2975
2667
3513
5564
23154
2172
2981
6917
3274
13634
15668
2293
2253
6487
3647
4250
2845
4056
2639
4498
6093
8530
5917
2690
3947
4740
14338
2286
2081
9184
4727
3164
23174
5161
9970
18324
3752
2134
-1391
7487
3064
4144
2421
2444
2904
3889
2405
3568
4317
4191
2904
8689
2757
8058
3305
5876
2363
3359
4450
2922
6145
2717
6811
7046
5455
2462
2236
11314
3435
5305
3325
2573
5426
4330
2671
16368
2606
19461
5669
-13630
6154
2341
4089
4879
4060
9130
4267
7755
2313
4059
4856
8603
4990
15510
2510
2651
3709
9687
8659
3218
5811
2461
2148
2688
2144
3138
3758
2115
-6453
3612
3614
2150
3068
3733
7998
5181
3217
9417
2389
3508
4248
3903
2885
8802
2259
3662
14533
3767
8940
2742
4555
2128
7093
3188
3521
-4456
3846
-8223
8672
3277
2837
2742
10039
2817
6806
8942
2794
2630
2652
3795
3783
3681
2284
30710
6014
4354
10230
8364
24614
4692
2434
3891
2591
3050
4726
9884
10921
4078
10878
7467
5658
3244
4353
9352
4125
3022
2360
2130
4182
2209
9605
26957
3556
9649
2777
2125
2303
2644
2732
7703
2744
2746
3940
7763
26848
12891
3673
3660
2852
4276
3889
23729
4013
4018
3880
2236
2465
7574
25479
4529
2849
6930
5320
2756
2503
2693
5303
3912
3215
2201
3178
-2845
5942
3651
2304
-17881
7411
2865
2220
6711
2808
10321
2695
2543
3118
6172
10453
2869
7249
6515
3251
8449
3164
2593
2333
6938
4502
13447
3120
5220
2494
11305
4913
3219
3554
12463
4667
2559
6509
4402
2438
3686
5092
26634
4378
19396
14521
5124
2205
3537
7932
7220
23005
3272
7099
2595
6681
2708
6618
3782
2929
13791
2395
8275
2156
2816
4107
9211
2645
2120
3278
2147
3516
2121
14077
2481
4359
2506
2936
4992
6929
3083
2065
9631
13596
3197
31802
4519
13826
11930
8715
6503
2829
2742
3258
9326
2177
14970
7814
2133
4846
2056
3489
2312
5425
2349
4705
5610
12217
6931
5305
21024
3296
3065
3222
2656
3564
14326
2948
11141
5715
3101
11905
4256
5807
3219
17999
21673
2957
3559
2757
2644
2956
3240
20760
7808
11391
3079
7624
9902
4285
4857
4211
8583
4378
2378
3435
22913
6893
27740
3332
23291
2378
3760
2070
4850
3902
5989
2515
2501
4461
4458
3312
7474
10405
2950
2971
-19264
2372
-13958
3511
2164
2051
2768
-17375
2190
2206
3027
4479
4347
-18868
2119
15632
2699
5897
22149
3592
3385
2054
2884
3464
5998
-15907
2081
2166
10876
5356
3604
2052
6981
2729
-16808
2631
2207
10901
3435
3093
2725
2552
3368
-14651
3427
3355
5046
-31772
2205
3927
4697
3808
3148
5903
2904
7997
5210
5351
2518
2048
3902
5541
3035
6239
4524
3065
4657
2164
4972
7935
22790
10237
3259
3019
5118
3633
7350
13721
5391
2649
9559
2106
18685
3144
3220
17424
2686
9151
7055
-22015
3825
2165
5979
2092
14962
16272
12644
3801
2957
2839
2354
3489
2712
12992
-921
3298
12349
3254
3045
24834
3927
3149
2061
3028
2100
3273
3944
8537
4883
3985
8723
5757
2444
11420
22782
6085
2455
4354
8582
14753
2135
2821
5376
6075
-21741
4804
4358
4903
3155
5796
23508
14549
2403
3092
25361
3064
4419
3542
6629
7619
4265
2239
3700
3620
4763
2414
2489
2600
11356
7267
3271
2190
2442
2946
3308
3613
4183
4141
9070
9782
4121
2665
7148
3838
5918
2140
7957
4314
2752
5089
-32470
3115
4283
6146
4724
15855
2151
3368
2815
7578
3390
5812
3000
2172
14817
2962
2270
2576
2576
2686
4278
3913
2292
4731
2660
2414
3276
4008
13521
2178
2404
12267
2522
11884
7632
5553
12562
19185
4915
2172
4396
19840
4219
3478
6666
13253
2755
2184
5572
4269
3009
5603
4458
4741
11784
5183
11802
3065
16408
13931
2414
2048
9132
4540
4173
2451
2761
5539
5007
2760
5035
13828
6392
2976
4945
3682
2621
2742
3610
3066
2842
2768
2505
8074
9626
3132
3470
2584
2092
2992
2614
5690
5819
4121
2575
4943
18706
-13493
32057
2293
2296
2767
2144
3561
2825
13306
22022
2562
3966
8708
-25774
4579
2672
8647
2140
2688
10259
5232
3776
7150
4392
3025
5409
2661
2434
2696
4624
2605
6341
-5350
3487
8494
2993
5618
12855
2910
3992
4988
4059
3506
2615
3711
2822
11997
2101
31043
2850
3254
4360
4706
8636
4051
2910
2863
2737
2705
3256
3432
2485
-14934
22758
2832
7232
7406
3097
5430
6297
9571
3944
2362
4002
3429
14969
2503
2534
2975
11116
24872
3459
14859
10464
2268
20752
3119
18963
2068
17661
4108
2449
3791
2656
6165
3042
8233
3064
3078
2913
12145
3887
8543
2592
2537
4999
2255
5622
2955
8129
8925
4854
2867
3564
16398
3342
4229
3563
2099
5536
2785
2423
5343
2326
4795
2666
6268
3641
-23306
7535
3705
-21830
4095
5343
3358
5197
-24719
2771
2182
2296
7271
12619
3147
8081
29975
2985
7519
5197
3060
5455
-19247
4365
5659
2651
2861
3614
4946
3303
9368
12305
2728
12096
10108
2060
2319
15360
10902
2577
6284
2453
4268
3221
2664
2696
4571
2879
4217
17575
3665
5039
7857
2376
4875
29095
10744
5235
3717
2174
5271
3411
12286
2704
11138
2143
6040
18058
8309
3701
4379
20136
-19247
12609
2679
4749
-21911
5733
3988
7397
11775
2828
2764
2397
4430
19022
2462
6154
13255
2994
-13736
2471
2527
2407
4827
2503
2755
3537
24311
2667
2164
16505
2071
2367
2813
26637
4337
2854
2072
3519
3904
2752
2992
9843
2432
21166
11333
2286
3385
8313
17224
3313
31176
4439
5826
2434
3274
26312
31648
4568
6358
7470
23064
3355
5980
3994
6386
5292
22881
7353
14359
2208
4583
3987
6364
2929
5720
3979
2941
6346
4833
12512
2150
5297
2193
3994
3803
12566
2354
5002
3208
4373
15092
2544
11407
2363
2644
9394
6281
4515
5121
2748
-20805
2299
3530
4454
4817
23318
2697
-25971
5830
6026
4678
4116
9584
4239
4333
3023
3851
2146
8895
6412
2988
6293
2182
4019
4885
2107
13042
21512
-20466
7838
17015
8208
2708
2636
2349
2735
8624
7735
10229
4786
2066
6387
2991
2230
3816
6693
3671
-29031
2567
2400
14671
2395
19976
2207
3028
2449
15086
2474
7521
3247
8176
-20007
8151
2862
7562
7687
4883
27652
3004
3020
2853
3169
5335
2201
3513
2297
3109
10662
15385
13873
6804
3183
7771
2629
2279
3439
2155
3671
3894
3116
2817
23783
3026
5100
13150
3630
2464
4551
6106
5407
2091
3579
4572
2410
3222
11051
2713
2833
18391
2593
3952
2374
2469
17349
3100
2428
3786
10978
2932
6674
3394
4016
5855
2860
3294
11631
2372
2173
4151
6629
12188
9036
2093
6437
16561
5714
2896
2606
10548
2816
5204
-19246
13660
7225
16448
4256
3441
13837
4019
2689
3796
2800
3415
2100
3203
6028
28422
2874
13737
6554
2217
2350
2156
2328
2093
5888
2080
4961
5059
5736
2591
2626
4213
2223
8833
15775
2608
3925
3079
8006
2846
2516
4876
2521
19856
3010
3496
3565
5093
3035
15606
6610
4443
4883
2966
3149
8203
2642
-26421
2549
2074
2385
7600
3878
5507
2484
6811
3505
2081
32171
12114
2111
4597
2579
2129
3100
3897
25246
2998
10549
16672
9941
17413
2563
7117
19893
2414
8015
4766
3347
4153
7215
9053
25907
5385
4676
11926
2365
3284
3351
9051
2283
2672
4315
2516
4296
3052
8663
3673
4093
3080
8872
3149
2287
4234
6329
5850
12316
2063
2630
8408
2541
3213
2236
-954
4260
3515
2476
2220
5867
11072
3910
2174
2972
2165
-16398
14651
2079
4016
12818
6579
26926
3824
3397
3760
2553
2743
2641
9275
3200
8787
2642
2674
7799
3328
4932
2192
2337
3975
10911
3486
4833
2131
6746
2371
13439
5911
7573
12307
2884
2824
2596
5072
2666
2772
2763
11467
2533
19961
16982
3294
2055
2206
6178
2317
7159
3796
2248
8004
3184
3852
25743
2260
14522
14673
3387
3468
2256
7076
4635
6154
3120
7128
4312
3254
6020
2362
3911
2336
6614
3415
3594
3796
10264
3281
4762
-913
7178
2472
5456
2129
2670
2317
-23703
15654
5572
2548
5558
4050
3274
2519
4667
20488
21502
3462
3386
2252
2086
2943
2848
2320
9877
2172
3051
10013
19716
5480
4511
5580
6452
2712
30332
3935
2319
3129
7067
2260
2205
4585
2080
2965
4768
2800
4534
5116
2617
7798
3151
8835
4602
5057
16371
29104
2303
5327
4391
4218
3543
2089
-18345
2541
4498
6288
13776
19113
2439
3018
4108
2251
2503
14141
-8444
7146
3582
23980
11774
2810
12226
2542
9306
19820
2151
2531
4040
-24858
4030
4576
6243
10708
2452
2225
-17479
2940
6480
3259
7252
3458
2122
2529
2506
4555
2137
3394
2149
3801
4974
3046
2400
7802
2670
14259
4041
3804
3084
2048
4305
10278
3481
2980
4492
12894
2265
3822
2864
2575
5558
11139
2578
-15880
10469
2213
5508
2343
-32648
7329
9722
3895
2754
2923
3139
19040
9043
2381
7282
4594
4279
6141
7567
8934
4895
2591
2612
3353
2768
3425
7177
25130
3803
3363
2080
2481
2125
16198
2689
2919
7794
32705
6959
4589
5638
3831
2433
2469
5269
2114
2689
3464
7494
11061
4300
3227
2210
2358
3334
2083
4850
2138
4271
3435
6599
6038
8159
2090
2127
2382
3853
6823
11967
3384
27725
2328
8009
26062
2227
2084
3386
6815
2094
2170
18592
2536
6978
6006
5686
2556
16970
3681
3691
2314
2118
3286
2441
18815
13638
4654
5358
6712
2275
9353
3380
3970
16496
2392
4479
9780
5190
2545
2567
22656
15329
8611
5304
4568
2331
4532
2073
2343
3124
2412
9702
2224
5618
4720
14177
10670
2233
2568
5768
4617
4644
10222
8967
2057
4613
9405
2311
5446
3435
2073
5140
3967
4185
3241
4878
3496
4466
2878
3412
2909
2349
7717
4532
5569
26425
3118
2477
23815
7116
2315
11391
3588
5951
4087
10139
2078
2682
6217
4404
3266
3894
2822
2908
6936
5930
4656
5930
-25270
5295
8639
2431
4974
30539
3520
2123
2321
3498
3022
13969
27465
3224
2860
2538
8086
3647
4124
12990
6351
5021
2396
3280
2232
2640
2771
2047
2359
3838
7920
3208
14635
6431
19479
3008
2486
3575
2185
8218
2252
2052
3689
4028
2130
3846
14526
14382
3304
3768
3272
3367
2666
2140
3683
6410
4114
4950
2459
4799
4348
2100
2929
20280
2619
5281
5166
2346
7008
2805
2093
8276
2307
4315
7558
6296
32237
2353
2356
3370
6849
4909
6384
2851
2887
3160
-11568
3631
9700
5757
-28453
4158
11343
2849
20167
13115
5429
4209
2202
5217
15730
-20103
6727
7370
2151
2576
6975
4668
2241
2412
2558
2175
3226
6764
3699
4837
5162
6187
4085
11308
6185
3850
2895
2960
3941
3577
4634
3091
19546
2626
20237
26433
2087
4247
7868
2370
5726
2460
3124
4384
2155
2782
2344
7376
6546
8308
4035
2197
23785
2279
3049
2640
2568
2703
7536
6711
2171
2182
-20336
9977
3504
3010
2943
9220
-14837
11507
2334
8664
2990
2624
24136
2535
9347
2852
3547
3769
2588
4149
3984
19765
3774
15338
2215
2100
10692
2364
2300
5571
8631
5124
3177
3952
25778
3155
4238
20702
3441
6066
7078
2610
3423
2860
2165
22780
3037
2105
2368
3034
2371
-29860
2613
10524
3819
-29427
2318
2953
3650
2752
2080
2611
2117
2914
11919
6939
2887
5749
6242
2147
5419
2145
7002
13223
2834
5702
2771
21191
2318
2847
2553
3867
2338
2854
2051
4269
9124
8055
2547
7816
3030
8918
2857
2447
4602
4843
3174
3993
2759
5671
20081
10016
4658
4865
2195
28980
3420
3515
2557
2125
2460
2461
3683
2080
2558
3919
2146
2087
6237
9029
2489
2944
25433
3354
3003
2920
2983
2555
9506
2818
3922
7698
2144
6800
3213
2164
3142
2600
6400
2804
9594
2901
23398
4239
14230
18740
2833
2737
-4822
2110
14279
2978
9770
2339
8282
4625
16233
4118
2764
2661
5924
4238
2535
3754
2212
2876
9330
3614
6118
7679
2202
4236
5511
3600
2424
-24849
4921
3215
3323
4889
2409
27993
3273
24573
16303
-5679
2750
3768
2158
2123
6558
11655
28105
2678
10061
7590
4011
9673
4212
7936
10212
-28406
5614
3231
4715
2713
-22259
3724
2446
4039
2073
2219
15220
2106
3818
3219
2305
7591
7382
-25488
6011
2138
7281
4062
3633
4729
25972
3946
2390
2631
2235
5091
15153
7655
2612
21949
6889
2261
3939
2057
2243
2048
2719
6652
3067
3490
29855
2994
5900
13189
2537
6392
5246
2560
3573
6535
2593
4664
2367
12211
4073
2796
5062
2125
2586
5880
3520
2069
2224
-9091
17847
3746
-19980
4294
2173
3647
12742
4563
2246
6632
6473
2966
4028
2751
9633
-25830
19922
2059
3333
16205
3637
2103
4381
4502
3156
4225
3762
-4333
4196
4614
6085
32759
2745
10965
8552
3634
14987
2740
10685
2390
3887
2071
19895
2109
2971
4594
4303
6991
6997
5642
3140
14453
24183
7295
2261
8438
4046
12835
2401
26962
-21015
2597
2119
3019
2567
2448
3689
4667
4817
2463
3728
3213
4957
2999
2671
2331
3170
5630
2342
-27687
2140
-28120
5712
3537
25873
5143
21296
3533
13559
8860
3175
7411
4911
4250
13025
7906
3850
8310
2652
7096
2454
15326
2964
2923
-26737
14511
6781
2564
15235
4157
2581
3245
4226
3076
3285
2925
3366
7203
4580
2467
3358
2288
5398
9126
3038
8850
2187
2550
6662
2097
3928
9014
3379
4189
3788
2597
9287
4014
2249
6354
3851
2420
2259
8277
4032
4629
7718
5096
3571
2526
6446
2240
19409
6418
5625
4275
2068
2800
3234
14541
7173
2070
6630
10430
-6475
10436
4214
2540
3254
4006
2739
2640
7221
6920
5391
2497
13096
8758
3237
3424
2522
3691
2388
2211
2490
6163
4394
4043
8228
2566
5578
5428
7529
5834
10187
5534
2440
2347
3119
18133
5909
3950
-10289
2964
13092
3014
10929
10842
16354
4371
4055
2778
3270
13578
6504
4718
16447
2613
3135
2059
4021
2416
4788
4789
4979
4328
5042
2192
8855
2780
3872
5035
2258
2809
6614
2083
5855
3843
2240
2761
3875
2076
3863
2456
-21252
8524
4601
2452
5941
7357
14618
3049
4844
3277
-1778
2854
2429
2083
2721
2416
7919
3823
2617
2185
2686
2784
2441
3537
2366
2462
2630
3689
4610
10143
2081
3689
3032
8919
4029
13657
11535
4250
6951
4635
2452
-31874
3211
8887
3908
4196
5959
3200
15951
-24494
8210
13037
2771
5693
2506
5618
24655
11013
7558
14625
3880
5904
8251
2118
2501
13789
3080
2873
3125
3030
3508
2377
3676
3514
20685
2804
6088
4996
2053
4054
5994
3356
6155
6046
8739
3312
11637
5067
2705
2316
7813
2428
19154
14000
4446
32508
3380
5470
14980
-32754
3228
3643
2089
3976
2439
2446
2476
2480
4214
13327
10161
12892
2176
2819
2310
2589
2638
6017
4915
6787
6352
5035
3967
9836
4649
3710
2319
6854
2836
7587
4862
3712
4559
2097
4050
3011
13534
10430
12290
2472
2971
2235
2967
10346
2261
2659
12415
2903
5284
2857
3446
2193
2301
2224
7716
-481
4783
5463
3051
2054
11000
3321
4263
2626
3201
2707
5898
3887
23835
4274
7635
4763
24581
4524
4933
-23674
3017
3798
7085
26325
6949
2484
4738
2313
2583
3456
8551
14757
2641
9313
6934
10725
3109
4088
-15545
9547
-29495
3191
7177
2439
2271
2080
5077
2590
15604
2465
5818
17623
10726
9596
5631
6116
4525
3575
6170
2285
10651
3155
2220
2061
11926
11206
3507
3745
2392
6629
4617
5633
3328
7011
3840
15515
2395
2288
-25392
14919
5616
2114
3708
3933
4099
9478
3556
10689
9382
7763
2527
2587
3283
12082
2669
7315
2849
2191
6235
7024
2047
3910
4326
8994
3018
2532
6286
14499
3563
2867
6614
3297
4096
4625
2879
3612
3193
8266
2062
4171
3369
3032
7075
4261
3442
2430
2477
12079
20438
2276
20675
5806
2055
4992
2180
4291
5562
7703
3017
2121
2362
4943
2870
2554
5533
3984
3269
4038
8551
2490
2528
2256
4237
8880
3662
7435
7181
12254
6189
10491
2081
3409
2317
3447
2377
4081
3880
4548
2110
3616
3872
8098
2450
-28675
4893
2151
19467
26998
7864
13174
3332
4879
8442
11384
2135
11560
6487
9527
19125
2290
2110
3579
16233
31436
2355
2596
11364
3458
2219
2643
3103
3215
9554
3741
-25283
3182
3843
3625
4591
17839
2060
6323
3940
-2119
17350
6172
24679
7898
6712
2646
3355
3578
2572
5693
2260
2780
5101
8991
29230
3399
3917
11405
4941
-3519
3495
3295
2490
7860
2539
11582
2088
13070
6070
2973
3761
3261
4723
2250
5587
5456
5340
4432
2519
6065
3286
7617
2108
2234
5369
4740
2447
8540
11614
13783
3658
8183
3392
2496
2281
2806
12273
2619
5853
2329
7790
10926
3612
4615
3415
3362
4598
5150
2680
3986
7123
6468
7276
2127
8442
-28718
4576
11273
-26528
19000
-23437
2962
13090
2765
2182
11294
2986
2857
3200
3201
3104
9639
6269
5047
24603
15696
2209
3490
3126
2072
7937
23521
12919
2791
2677
18168
3152
16389
2816
11463
-11528
3028
26473
2504
26957
2207
4942
24060
3728
2249
9918
4479
2164
3786
-28236
6372
2530
2470
8136
26175
4249
16928
2506
26716
2221
2116
19931
5601
2530
2912
12174
2568
5768
6801
27810
2103
4863
18086
2243
2195
2065
3906
-28260
22210
7467
5195
13572
2824
4723
3041
5027
4302
5194
3319
4432
3197
2918
3496
11393
8231
2524
3905
3612
3347
5924
3370
17940
4654
3668
4886
2250
4234
2831
3184
2248
10949
2452
3238
2246
2297
2368
